366 587
366 588
367 575
367 576
367 577
367 578
367 579
367 580
367 581
367 582
367 583
367 584
367 585
367 586
367 587
367 588
367 589
367 590
367 591
367 592
367 593
367 594
367 595
367 596
368 571
368 572
368 573
368 574
368 575
368 576
368 577
368 578
368 579
368 580
368 581
368 582
368 583
368 584
368 585
368 586
368 587
368 588
368 589
368 590
368 591
368 592
368 593
368 594
368 595
368 596
368 597
368 598
368 599
368 600
369 568
369 569
369 570
369 571
369 572
369 573
369 574
369 575
369 576
369 577
369 578
369 579
369 580
369 581
369 582
369 583
369 584
369 585
369 586
369 587
369 588
369 589
369 590
369 591
369 592
369 593
369 594
369 595
369 596
369 597
369 598
369 599
369 600
369 601
369 602
369 603
369 604
370 566
370 567
370 568
370 569
370 570
370 571
370 572
370 573
370 574
370 575
370 576
370 577
370 578
370 579
370 580
370 581
370 582
370 583
370 584
370 585
370 586
370 587
370 588
370 589
370 590
370 591
370 592
370 593
370 594
370 595
370 596
370 597
370 598
370 599
370 600
370 601
370 602
370 603
370 604
370 605
370 606
370 607
371 563
371 564
371 565
371 566
371 567
371 568
371 569
371 570
371 571
371 572
371 573
371 574
371 575
371 576
371 577
371 578
371 579
371 580
371 581
371 582
371 583
371 584
371 585
371 586
371 587
371 588
371 589
371 590
371 591
371 592
371 593
371 594
371 595
371 596
371 597
371 598
371 599
371 600
371 601
371 602
371 603
371 604
371 605
371 606
371 607
371 608
371 609
372 561
372 562
372 563
372 564
372 565
372 566
372 567
372 568
372 569
372 570
372 571
372 572
372 573
372 574
372 575
372 576
372 577
372 578
372 579
372 580
372 581
372 582
372 583
372 584
372 585
372 586
372 587
372 588
372 589
372 590
372 591
372 592
372 593
372 594
372 595
372 596
372 597
372 598
372 599
372 600
372 601
372 602
372 603
372 604
372 605
372 606
372 607
372 608
372 609
372 610
372 611
373 558
373 559
373 560
373 561
373 562
373 563
373 564
373 565
373 566
373 567
373 568
373 569
373 570
373 571
373 572
373 573
373 574
373 575
373 576
373 577
373 578
373 579
373 580
373 581
373 582
373 583
373 584
373 585
373 586
373 587
373 588
373 589
373 590
373 591
373 592
373 593
373 594
373 595
373 596
373 597
373 598
373 599
373 600
373 601
373 602
373 603
373 604
373 605
373 606
373 607
373 608
373 609
373 610
373 611
373 612
373 613
374 557
374 558
374 559
374 560
374 561
374 562
374 563
374 564
374 565
374 566
374 567
374 568
374 569
374 570
374 571
374 572
374 573
374 574
374 575
374 576
374 577
374 578
374 579
374 580
374 581
374 582
374 583
374 584
374 585
374 586
374 587
374 588
374 589
374 590
374 591
374 592
374 593
374 594
374 595
374 596
374 597
374 598
374 599
374 600
374 601
374 602
374 603
374 604
374 605
374 606
374 607
374 608
374 609
374 610
374 611
374 612
374 613
374 614
374 615
375 555
375 556
375 557
375 558
375 559
375 560
375 561
375 562
375 563
375 564
375 565
375 566
375 567
375 568
375 569
375 570
375 571
375 572
375 573
375 574
375 575
375 576
375 577
375 578
375 579
375 580
375 581
375 582
375 583
375 584
375 585
375 586
375 587
375 588
375 589
375 590
375 591
375 592
375 593
375 594
375 595
375 596
375 597
375 598
375 599
375 600
375 601
375 602
375 603
375 604
375 605
375 606
375 607
375 608
375 609
375 610
375 611
375 612
375 613
375 614
375 615
375 616
376 554
376 555
376 556
376 557
376 558
376 559
376 560
376 561
376 562
376 563
376 564
376 565
376 566
376 567
376 568
376 569
376 570
376 571
376 572
376 573
376 574
376 575
376 576
376 577
376 578
376 579
376 580
376 581
376 582
376 583
376 584
376 585
376 586
376 587
376 588
376 589
376 590
376 591
376 592
376 593
376 594
376 595
376 596
376 597
376 598
376 599
376 600
376 601
376 602
376 603
376 604
376 605
376 606
376 607
376 608
376 609
376 610
376 611
376 612
376 613
376 614
376 615
376 616
376 617
376 618
377 552
377 553
377 554
377 555
377 556
377 557
377 558
377 559
377 560
377 561
377 562
377 563
377 564
377 565
377 566
377 567
377 568
377 569
377 570
377 571
377 572
377 573
377 574
377 575
377 576
377 577
377 578
377 579
377 580
377 581
377 582
377 583
377 584
377 585
377 586
377 587
377 588
377 589
377 590
377 591
377 592
377 593
377 594
377 595
377 596
377 597
377 598
377 599
377 600
377 601
377 602
377 603
377 604
377 605
377 606
377 607
377 608
377 609
377 610
377 611
377 612
377 613
377 614
377 615
377 616
377 617
377 618
377 619
378 551
378 552
378 553
378 554
378 555
378 556
378 557
378 558
378 559
378 560
378 561
378 562
378 563
378 564
378 565
378 566
378 567
378 568
378 569
378 570
378 571
378 572
378 573
378 574
378 575
378 576
378 577
378 578
378 579
378 580
378 581
378 582
378 583
378 584
378 585
378 586
378 587
378 588
378 589
378 590
378 591
378 592
378 593
378 594
378 595
378 596
378 597
378 598
378 599
378 600
378 601
378 602
378 603
378 604
378 605
378 606
378 607
378 608
378 609
378 610
378 611
378 612
378 613
378 614
378 615
378 616
378 617
378 618
378 619
378 620
378 621
379 549
379 550
379 551
379 552
379 553
379 554
379 555
379 556
379 557
379 558
379 559
379 560
379 561
379 562
379 563
379 564
379 565
379 566
379 567
379 568
379 569
379 570
379 571
379 572
379 573
379 574
379 575
379 576
379 577
379 578
379 579
379 580
379 581
379 582
379 583
379 584
379 585
379 586
379 587
379 588
379 589
379 590
379 591
379 592
379 593
379 594
379 595
379 596
379 597
379 598
379 599
379 600
379 601
379 602
379 603
379 604
379 605
379 606
379 607
379 608
379 609
379 610
379 611
379 612
379 613
379 614
379 615
379 616
379 617
379 618
379 619
379 620
379 621
379 622
380 548
380 549
380 550
380 551
380 552
380 553
380 554
380 555
380 556
380 557
380 558
380 559
380 560
380 561
380 562
380 563
380 564
380 565
380 566
380 567
380 568
380 569
380 570
380 571
380 572
380 573
380 574
380 575
380 576
380 577
380 578
380 579
380 580
380 581
380 582
380 583
380 584
380 585
380 586
380 587
380 588
380 589
380 590
380 591
380 592
380 593
380 594
380 595
380 596
380 597
380 598
380 599
380 600
380 601
380 602
380 603
380 604
380 605
380 606
380 607
380 608
380 609
380 610
380 611
380 612
380 613
380 614
380 615
380 616
380 617
380 618
380 619
380 620
380 621
380 622
380 623
381 547
381 548
381 549
381 550
381 551
381 552
381 553
381 554
381 555
381 556
381 557
381 558
381 559
381 560
381 561
381 562
381 563
381 564
381 565
381 566
381 567
381 568
381 569
381 570
381 571
381 572
381 573
381 574
381 575
381 576
381 577
381 578
381 579
381 580
381 581
381 582
381 583
381 584
381 585
381 586
381 587
381 588
381 589
381 590
381 591
381 592
381 593
381 594
381 595
381 596
381 597
381 598
381 599
381 600
381 601
381 602
381 603
381 604
381 605
381 606
381 607
381 608
381 609
381 610
381 611
381 612
381 613
381 614
381 615
381 616
381 617
381 618
381 619
381 620
381 621
381 622
381 623
381 624
382 546
382 547
382 548
382 549
382 550
382 551
382 552
382 553
382 554
382 555
382 556
382 557
382 558
382 559
382 560
382 561
382 562
382 563
382 564
382 565
382 566
382 567
382 568
382 569
382 570
382 571
382 572
382 573
382 574
382 575
382 576
382 577
382 578
382 579
382 580
382 581
382 582
382 583
382 584
382 585
382 586
382 587
382 588
382 589
382 590
382 591
382 592
382 593
382 594
382 595
382 596
382 597
382 598
382 599
382 600
382 601
382 602
382 603
382 604
382 605
382 606
382 607
382 608
382 609
382 610
382 611
382 612
382 613
382 614
382 615
382 616
382 617
382 618
382 619
382 620
382 621
382 622
382 623
382 624
382 625
383 545
383 546
383 547
383 548
383 549
383 550
383 551
383 552
383 553
383 554
383 555
383 556
383 557
383 558
383 559
383 560
383 561
383 562
383 563
383 564
383 565
383 566
383 567
383 568
383 569
383 570
383 571
383 572
383 573
383 574
383 575
383 576
383 577
383 578
383 579
383 580
383 581
383 582
383 583
383 584
383 585
383 586
383 587
383 588
383 589
383 590
383 591
383 592
383 593
383 594
383 595
383 596
383 597
383 598
383 599
383 600
383 601
383 602
383 603
383 604
383 605
383 606
383 607
383 608
383 609
383 610
383 611
383 612
383 613
383 614
383 615
383 616
383 617
383 618
383 619
383 620
383 621
383 622
383 623
383 624
383 625
383 626
383 627
384 544
384 545
384 546
384 547
384 548
384 549
384 550
384 551
384 552
384 553
384 554
384 555
384 556
384 557
384 558
384 559
384 560
384 561
384 562
384 563
384 564
384 565
384 566
384 567
384 568
384 569
384 570
384 571
384 572
384 573
384 574
384 575
384 576
384 577
384 578
384 579
384 580
384 581
384 582
384 583
384 584
384 585
384 586
384 587
384 588
384 589
384 590
384 591
384 592
384 593
384 594
384 595
384 596
384 597
384 598
384 599
384 600
384 601
384 602
384 603
384 604
384 605
384 606
384 607
384 608
384 609
384 610
384 611
384 612
384 613
384 614
384 615
384 616
384 617
384 618
384 619
384 620
384 621
384 622
384 623
384 624
384 625
384 626
384 627
384 628
385 543
385 544
385 545
385 546
385 547
385 548
385 549
385 550
385 551
385 552
385 553
385 554
385 555
385 556
385 557
385 558
385 559
385 560
385 561
385 562
385 563
385 564
385 565
385 566
385 567
385 568
385 569
385 570
385 571
385 572
385 573
385 574
385 575
385 576
385 577
385 578
385 579
385 580
385 581
385 582
385 583
385 584
385 585
385 586
385 587
385 588
385 589
385 590
385 591
385 592
385 593
385 594
385 595
385 596
385 597
385 598
385 599
385 600
385 601
385 602
385 603
385 604
385 605
385 606
385 607
385 608
385 609
385 610
385 611
385 612
385 613
385 614
385 615
385 616
385 617
385 618
385 619
385 620
385 621
385 622
385 623
385 624
385 625
385 626
385 627
385 628
385 629
386 542
386 543
386 544
386 545
386 546
386 547
386 548
386 549
386 550
386 551
386 552
386 553
386 554
386 555
386 556
386 557
386 558
386 559
386 560
386 561
386 562
386 563
386 564
386 565
386 566
386 567
386 568
386 569
386 570
386 571
386 572
386 573
386 574
386 575
386 576
386 577
386 578
386 579
386 580
386 581
386 582
386 583
386 584
386 585
386 586
386 587
386 588
386 589
386 590
386 591
386 592
386 593
386 594
386 595
386 596
386 597
386 598
386 599
386 600
386 601
386 602
386 603
386 604
386 605
386 606
386 607
386 608
386 609
386 610
386 611
386 612
386 613
386 614
386 615
386 616
386 617
386 618
386 619
386 620
386 621
386 622
386 623
386 624
386 625
386 626
386 627
386 628
386 629
386 630
387 541
387 542
387 543
387 544
387 545
387 546
387 547
387 548
387 549
387 550
387 551
387 552
387 553
387 554
387 555
387 556
387 557
387 558
387 559
387 560
387 561
387 562
387 563
387 564
387 565
387 566
387 567
387 568
387 569
387 570
387 571
387 572
387 573
387 574
387 575
387 576
387 577
387 578
387 579
387 580
387 581
387 582
387 583
387 584
387 585
387 586
387 587
387 588
387 589
387 590
387 591
387 592
387 593
387 594
387 595
387 596
387 597
387 598
387 599
387 600
387 601
387 602
387 603
387 604
387 605
387 606
387 607
387 608
387 609
387 610
387 611
387 612
387 613
387 614
387 615
387 616
387 617
387 618
387 619
387 620
387 621
387 622
387 623
387 624
387 625
387 626
387 627
387 628
387 629
387 630
387 631
388 540
388 541
388 542
388 543
388 544
388 545
388 546
388 547
388 548
388 549
388 550
388 551
388 552
388 553
388 554
388 555
388 556
388 557
388 558
388 559
388 560
388 561
388 562
388 563
388 564
388 565
388 566
388 567
388 568
388 569
388 570
388 571
388 572
388 573
388 574
388 575
388 576
388 577
388 578
388 579
388 580
388 581
388 582
388 583
388 584
388 585
388 586
388 587
388 588
388 589
388 590
388 591
388 592
388 593
388 594
388 595
388 596
388 597
388 598
388 599
388 600
388 601
388 602
388 603
388 604
388 605
388 606
388 607
388 608
388 609
388 610
388 611
388 612
388 613
388 614
388 615
388 616
388 617
388 618
388 619
388 620
388 621
388 622
388 623
388 624
388 625
388 626
388 627
388 628
388 629
388 630
388 631
389 540
389 541
389 542
389 543
389 544
389 545
389 546
389 547
389 548
389 549
389 550
389 551
389 552
389 553
389 554
389 555
389 556
389 557
389 558
389 559
389 560
389 561
389 562
389 563
389 564
389 565
389 566
389 567
389 568
389 569
389 570
389 571
389 572
389 573
389 574
389 575
389 576
389 577
389 578
389 579
389 580
389 581
389 582
389 583
389 584
389 585
389 586
389 587
389 588
389 589
389 590
389 591
389 592
389 593
389 594
389 595
389 596
389 597
389 598
389 599
389 600
389 601
389 602
389 603
389 604
389 605
389 606
389 607
389 608
389 609
389 610
389 611
389 612
389 613
389 614
389 615
389 616
389 617
389 618
389 619
389 620
389 621
389 622
389 623
389 624
389 625
389 626
389 627
389 628
389 629
389 630
389 631
389 632
390 539
390 540
390 541
390 542
390 543
390 544
390 545
390 546
390 547
390 548
390 549
390 550
390 551
390 552
390 553
390 554
390 555
390 556
390 557
390 558
390 559
390 560
390 561
390 562
390 563
390 564
390 565
390 566
390 567
390 568
390 569
390 570
390 571
390 572
390 573
390 574
390 575
390 576
390 577
390 578
390 579
390 580
390 581
390 582
390 583
390 584
390 585
390 586
390 587
390 588
390 589
390 590
390 591
390 592
390 593
390 594
390 595
390 596
390 597
390 598
390 599
390 600
390 601
390 602
390 603
390 604
390 605
390 606
390 607
390 608
390 609
390 610
390 611
390 612
390 613
390 614
390 615
390 616
390 617
390 618
390 619
390 620
390 621
390 622
390 623
390 624
390 625
390 626
390 627
390 628
390 629
390 630
390 631
390 632
390 633
391 538
391 539
391 540
391 541
391 542
391 543
391 544
391 545
391 546
391 547
391 548
391 549
391 550
391 551
391 552
391 553
391 554
391 555
391 556
391 557
391 558
391 559
391 560
391 561
391 562
391 563
391 564
391 565
391 566
391 567
391 568
391 569
391 570
391 571
391 572
391 573
391 574
391 575
391 576
391 577
391 578
391 579
391 580
391 581
391 582
391 583
391 584
391 585
391 586
391 587
391 588
391 589
391 590
391 591
391 592
391 593
391 594
391 595
391 596
391 597
391 598
391 599
391 600
391 601
391 602
391 603
391 604
391 605
391 606
391 607
391 608
391 609
391 610
391 611
391 612
391 613
391 614
391 615
391 616
391 617
391 618
391 619
391 620
391 621
391 622
391 623
391 624
391 625
391 626
391 627
391 628
391 629
391 630
391 631
391 632
391 633
391 634
392 537
392 538
392 539
392 540
392 541
392 542
392 543
392 544
392 545
392 546
392 547
392 548
392 549
392 550
392 551
392 552
392 553
392 554
392 555
392 556
392 557
392 558
392 559
392 560
392 561
392 562
392 563
392 564
392 565
392 566
392 567
392 568
392 569
392 570
392 571
392 572
392 573
392 574
392 575
392 576
392 577
392 578
392 579
392 580
392 581
392 582
392 583
392 584
392 585
392 586
392 587
392 588
392 589
392 590
392 591
392 592
392 593
392 594
392 595
392 596
392 597
392 598
392 599
392 600
392 601
392 602
392 603
392 604
392 605
392 606
392 607
392 608
392 609
392 610
392 611
392 612
392 613
392 614
392 615
392 616
392 617
392 618
392 619
392 620
392 621
392 622
392 623
392 624
392 625
392 626
392 627
392 628
392 629
392 630
392 631
392 632
392 633
392 634
392 635
393 536
393 537
393 538
393 539
393 540
393 541
393 542
393 543
393 544
393 545
393 546
393 547
393 548
393 549
393 550
393 551
393 552
393 553
393 554
393 555
393 556
393 557
393 558
393 559
393 560
393 561
393 562
393 563
393 564
393 565
393 566
393 567
393 568
393 569
393 570
393 571
393 572
393 573
393 574
393 575
393 576
393 577
393 578
393 579
393 580
393 581
393 582
393 583
393 584
393 585
393 586
393 587
393 588
393 589
393 590
393 591
393 592
393 593
393 594
393 595
393 596
393 597
393 598
393 599
393 600
393 601
393 602
393 603
393 604
393 605
393 606
393 607
393 608
393 609
393 610
393 611
393 612
393 613
393 614
393 615
393 616
393 617
393 618
393 619
393 620
393 621
393 622
393 623
393 624
393 625
393 626
393 627
393 628
393 629
393 630
393 631
393 632
393 633
393 634
393 635
394 536
394 537
394 538
394 539
394 540
394 541
394 542
394 543
394 544
394 545
394 546
394 547
394 548
394 549
394 550
394 551
394 552
394 553
394 554
394 555
394 556
394 557
394 558
394 559
394 560
394 561
394 562
394 563
394 564
394 565
394 566
394 567
394 568
394 569
394 570
394 571
394 572
394 573
394 574
394 575
394 576
394 577
394 578
394 579
394 580
394 581
394 582
394 583
394 584
394 585
394 586
394 587
394 588
394 589
394 590
394 591
394 592
394 593
394 594
394 595
394 596
394 597
394 598
394 599
394 600
394 601
394 602
394 603
394 604
394 605
394 606
394 607
394 608
394 609
394 610
394 611
394 612
394 613
394 614
394 615
394 616
394 617
394 618
394 619
394 620
394 621
394 622
394 623
394 624
394 625
394 626
394 627
394 628
394 629
394 630
394 631
394 632
394 633
394 634
394 635
394 636
395 535
395 536
395 537
395 538
395 539
395 540
395 541
395 542
395 543
395 544
395 545
395 546
395 547
395 548
395 549
395 550
395 551
395 552
395 553
395 554
395 555
395 556
395 557
395 558
395 559
395 560
395 561
395 562
395 563
395 564
395 565
395 566
395 567
395 568
395 569
395 570
395 571
395 572
395 573
395 574
395 575
395 576
395 577
395 578
395 579
395 580
395 581
395 582
395 583
395 584
395 585
395 586
395 587
395 588
395 589
395 590
395 591
395 592
395 593
395 594
395 595
395 596
395 597
395 598
395 599
395 600
395 601
395 602
395 603
395 604
395 605
395 606
395 607
395 608
395 609
395 610
395 611
395 612
395 613
395 614
395 615
395 616
395 617
395 618
395 619
395 620
395 621
395 622
395 623
395 624
395 625
395 626
395 627
395 628
395 629
395 630
395 631
395 632
395 633
395 634
395 635
395 636
396 535
396 536
396 537
396 538
396 539
396 540
396 541
396 542
396 543
396 544
396 545
396 546
396 547
396 548
396 549
396 550
396 551
396 552
396 553
396 554
396 555
396 556
396 557
396 558
396 559
396 560
396 561
396 562
396 563
396 564
396 565
396 566
396 567
396 568
396 569
396 570
396 571
396 572
396 573
396 574
396 575
396 576
396 577
396 578
396 579
396 580
396 581
396 582
396 583
396 584
396 585
396 586
396 587
396 588
396 589
396 590
396 591
396 592
396 593
396 594
396 595
396 596
396 597
396 598
396 599
396 600
396 601
396 602
396 603
396 604
396 605
396 606
396 607
396 608
396 609
396 610
396 611
396 612
396 613
396 614
396 615
396 616
396 617
396 618
396 619
396 620
396 621
396 622
396 623
396 624
396 625
396 626
396 627
396 628
396 629
396 630
396 631
396 632
396 633
396 634
396 635
396 636
396 637
397 534
397 535
397 536
397 537
397 538
397 539
397 540
397 541
397 542
397 543
397 544
397 545
397 546
397 547
397 548
397 549
397 550
397 551
397 552
397 553
397 554
397 555
397 556
397 557
397 558
397 559
397 560
397 561
397 562
397 563
397 564
397 565
397 566
397 567
397 568
397 569
397 570
397 571
397 572
397 573
397 574
397 575
397 576
397 577
397 578
397 579
397 580
397 581
397 582
397 583
397 584
397 585
397 586
397 587
397 588
397 589
397 590
397 591
397 592
397 593
397 594
397 595
397 596
397 597
397 598
397 599
397 600
397 601
397 602
397 603
397 604
397 605
397 606
397 607
397 608
397 609
397 610
397 611
397 612
397 613
397 614
397 615
397 616
397 617
397 618
397 619
397 620
397 621
397 622
397 623
397 624
397 625
397 626
397 627
397 628
397 629
397 630
397 631
397 632
397 633
397 634
397 635
397 636
397 637
397 638
398 534
398 535
398 536
398 537
398 538
398 539
398 540
398 541
398 542
398 543
398 544
398 545
398 546
398 547
398 548
398 549
398 550
398 551
398 552
398 553
398 554
398 555
398 556
398 557
398 558
398 559
398 560
398 561
398 562
398 563
398 564
398 565
398 566
398 567
398 568
398 569
398 570
398 571
398 572
398 573
398 574
398 575
398 576
398 577
398 578
398 579
398 580
398 581
398 582
398 583
398 584
398 585
398 586
398 587
398 588
398 589
398 590
398 591
398 592
398 593
398 594
398 595
398 596
398 597
398 598
398 599
398 600
398 601
398 602
398 603
398 604
398 605
398 606
398 607
398 608
398 609
398 610
398 611
398 612
398 613
398 614
398 615
398 616
398 617
398 618
398 619
398 620
398 621
398 622
398 623
398 624
398 625
398 626
398 627
398 628
398 629
398 630
398 631
398 632
398 633
398 634
398 635
398 636
398 637
398 638
399 533
399 534
399 535
399 536
399 537
399 538
399 539
399 540
399 541
399 542
399 543
399 544
399 545
399 546
399 547
399 548
399 549
399 550
399 551
399 552
399 553
399 554
399 555
399 556
399 557
399 558
399 559
399 560
399 561
399 562
399 563
399 564
399 565
399 566
399 567
399 568
399 569
399 570
399 571
399 572
399 573
399 574
399 575
399 576
399 577
399 578
399 579
399 580
399 581
399 582
399 583
399 584
399 585
399 586
399 587
399 588
399 589
399 590
399 591
399 592
399 593
399 594
399 595
399 596
399 597
399 598
399 599
399 600
399 601
399 602
399 603
399 604
399 605
399 606
399 607
399 608
399 609
399 610
399 611
399 612
399 613
399 614
399 615
399 616
399 617
399 618
399 619
399 620
399 621
399 622
399 623
399 624
399 625
399 626
399 627
399 628
399 629
399 630
399 631
399 632
399 633
399 634
399 635
399 636
399 637
399 638
399 639
400 533
400 534
400 535
400 536
400 537
400 538
400 539
400 540
400 541
400 542
400 543
400 544
400 545
400 546
400 547
400 548
400 549
400 550
400 551
400 552
400 553
400 554
400 555
400 556
400 557
400 558
400 559
400 560
400 561
400 562
400 563
400 564
400 565
400 566
400 567
400 568
400 569
400 570
400 571
400 572
400 573
400 574
400 575
400 576
400 577
400 578
400 579
400 580
400 581
400 582
400 583
400 584
400 585
400 586
400 587
400 588
400 589
400 590
400 591
400 592
400 593
400 594
400 595
400 596
400 597
400 598
400 599
400 600
400 601
400 602
400 603
400 604
400 605
400 606
400 607
400 608
400 609
400 610
400 611
400 612
400 613
400 614
400 615
400 616
400 617
400 618
400 619
400 620
400 621
400 622
400 623
400 624
400 625
400 626
400 627
400 628
400 629
400 630
400 631
400 632
400 633
400 634
400 635
400 636
400 637
400 638
400 639
401 532
401 533
401 534
401 535
401 536
401 537
401 538
401 539
401 540
401 541
401 542
401 543
401 544
401 545
401 546
401 547
401 548
401 549
401 550
401 551
401 552
401 553
401 554
401 555
401 556
401 557
401 558
401 559
401 560
401 561
401 562
401 563
401 564
401 565
401 566
401 567
401 568
401 569
401 570
401 571
401 572
401 573
401 574
401 575
401 576
401 577
401 578
401 579
401 580
401 581
401 582
401 583
401 584
401 585
401 586
401 587
401 588
401 589
401 590
401 591
401 592
401 593
401 594
401 595
401 596
401 597
401 598
401 599
401 600
401 601
401 602
401 603
401 604
401 605
401 606
401 607
401 608
401 609
401 610
401 611
401 612
401 613
401 614
401 615
401 616
401 617
401 618
401 619
401 620
401 621
401 622
401 623
401 624
401 625
401 626
401 627
401 628
401 629
401 630
401 631
401 632
401 633
401 634
401 635
401 636
401 637
401 638
401 639
401 640
402 532
402 533
402 534
402 535
402 536
402 537
402 538
402 539
402 540
402 541
402 542
402 543
402 544
402 545
402 546
402 547
402 548
402 549
402 550
402 551
402 552
402 553
402 554
402 555
402 556
402 557
402 558
402 559
402 560
402 561
402 562
402 563
402 564
402 565
402 566
402 567
402 568
402 569
402 570
402 571
402 572
402 573
402 574
402 575
402 576
402 577
402 578
402 579
402 580
402 581
402 582
402 583
402 584
402 585
402 586
402 587
402 588
402 589
402 590
402 591
402 592
402 593
402 594
402 595
402 596
402 597
402 598
402 599
402 600
402 601
402 602
402 603
402 604
402 605
402 606
402 607
402 608
402 609
402 610
402 611
402 612
402 613
402 614
402 615
402 616
402 617
402 618
402 619
402 620
402 621
402 622
402 623
402 624
402 625
402 626
402 627
402 628
402 629
402 630
402 631
402 632
402 633
402 634
402 635
402 636
402 637
402 638
402 639
402 640
403 531
403 532
403 533
403 534
403 535
403 536
403 537
403 538
403 539
403 540
403 541
403 542
403 543
403 544
403 545
403 546
403 547
403 548
403 549
403 550
403 551
403 552
403 553
403 554
403 555
403 556
403 557
403 558
403 559
403 560
403 561
403 562
403 563
403 564
403 565
403 566
403 567
403 568
403 569
403 570
403 571
403 572
403 573
403 574
403 575
403 576
403 577
403 578
403 579
403 580
403 581
403 582
403 583
403 584
403 585
403 586
403 587
403 588
403 589
403 590
403 591
403 592
403 593
403 594
403 595
403 596
403 597
403 598
403 599
403 600
403 601
403 602
403 603
403 604
403 605
403 606
403 607
403 608
403 609
403 610
403 611
403 612
403 613
403 614
403 615
403 616
403 617
403 618
403 619
403 620
403 621
403 622
403 623
403 624
403 625
403 626
403 627
403 628
403 629
403 630
403 631
403 632
403 633
403 634
403 635
403 636
403 637
403 638
403 639
403 640
404 531
404 532
404 533
404 534
404 535
404 536
404 537
404 538
404 539
404 540
404 541
404 542
404 543
404 544
404 545
404 546
404 547
404 548
404 549
404 550
404 551
404 552
404 553
404 554
404 555
404 556
404 557
404 558
404 559
404 560
404 561
404 562
404 563
404 564
404 565
404 566
404 567
404 568
404 569
404 570
404 571
404 572
404 573
404 574
404 575
404 576
404 577
404 578
404 579
404 580
404 581
404 582
404 583
404 584
404 585
404 586
404 587
404 588
404 589
404 590
404 591
404 592
404 593
404 594
404 595
404 596
404 597
404 598
404 599
404 600
404 601
404 602
404 603
404 604
404 605
404 606
404 607
404 608
404 609
404 610
404 611
404 612
404 613
404 614
404 615
404 616
404 617
404 618
404 619
404 620
404 621
404 622
404 623
404 624
404 625
404 626
404 627
404 628
404 629
404 630
404 631
404 632
404 633
404 634
404 635
404 636
404 637
404 638
404 639
404 640
404 641
405 530
405 531
405 532
405 533
405 534
405 535
405 536
405 537
405 538
405 539
405 540
405 541
405 542
405 543
405 544
405 545
405 546
405 547
405 548
405 549
405 550
405 551
405 552
405 553
405 554
405 555
405 556
405 557
405 558
405 559
405 560
405 561
405 562
405 563
405 564
405 565
405 566
405 567
405 568
405 569
405 570
405 571
405 572
405 573
405 574
405 575
405 576
405 577
405 578
405 579
405 580
405 581
405 582
405 583
405 584
405 585
405 586
405 587
405 588
405 589
405 590
405 591
405 592
405 593
405 594
405 595
405 596
405 597
405 598
405 599
405 600
405 601
405 602
405 603
405 604
405 605
405 606
405 607
405 608
405 609
405 610
405 611
405 612
405 613
405 614
405 615
405 616
405 617
405 618
405 619
405 620
405 621
405 622
405 623
405 624
405 625
405 626
405 627
405 628
405 629
405 630
405 631
405 632
405 633
405 634
405 635
405 636
405 637
405 638
405 639
405 640
405 641
406 530
406 531
406 532
406 533
406 534
406 535
406 536
406 537
406 538
406 539
406 540
406 541
406 542
406 543
406 544
406 545
406 546
406 547
406 548
406 549
406 550
406 551
406 552
406 553
406 554
406 555
406 556
406 557
406 558
406 559
406 560
406 561
406 562
406 563
406 564
406 565
406 566
406 567
406 568
406 569
406 570
406 571
406 572
406 573
406 574
406 575
406 576
406 577
406 578
406 579
406 580
406 581
406 582
406 583
406 584
406 585
406 586
406 587
406 588
406 589
406 590
406 591
406 592
406 593
406 594
406 595
406 596
406 597
406 598
406 599
406 600
406 601
406 602
406 603
406 604
406 605
406 606
406 607
406 608
406 609
406 610
406 611
406 612
406 613
406 614
406 615
406 616
406 617
406 618
406 619
406 620
406 621
406 622
406 623
406 624
406 625
406 626
406 627
406 628
406 629
406 630
406 631
406 632
406 633
406 634
406 635
406 636
406 637
406 638
406 639
406 640
406 641
407 530
407 531
407 532
407 533
407 534
407 535
407 536
407 537
407 538
407 539
407 540
407 541
407 542
407 543
407 544
407 545
407 546
407 547
407 548
407 549
407 550
407 551
407 552
407 553
407 554
407 555
407 556
407 557
407 558
407 559
407 560
407 561
407 562
407 563
407 564
407 565
407 566
407 567
407 568
407 569
407 570
407 571
407 572
407 573
407 574
407 575
407 576
407 577
407 578
407 579
407 580
407 581
407 582
407 583
407 584
407 585
407 586
407 587
407 588
407 589
407 590
407 591
407 592
407 593
407 594
407 595
407 596
407 597
407 598
407 599
407 600
407 601
407 602
407 603
407 604
407 605
407 606
407 607
407 608
407 609
407 610
407 611
407 612
407 613
407 614
407 615
407 616
407 617
407 618
407 619
407 620
407 621
407 622
407 623
407 624
407 625
407 626
407 627
407 628
407 629
407 630
407 631
407 632
407 633
407 634
407 635
407 636
407 637
407 638
407 639
407 640
407 641
407 642
408 530
408 531
408 532
408 533
408 534
408 535
408 536
408 537
408 538
408 539
408 540
408 541
408 542
408 543
408 544
408 545
408 546
408 547
408 548
408 549
408 550
408 551
408 552
408 553
408 554
408 555
408 556
408 557
408 558
408 559
408 560
408 561
408 562
408 563
408 564
408 565
408 566
408 567
408 568
408 569
408 570
408 571
408 572
408 573
408 574
408 575
408 576
408 577
408 578
408 579
408 580
408 581
408 582
408 583
408 584
408 585
408 586
408 587
408 588
408 589
408 590
408 591
408 592
408 593
408 594
408 595
408 596
408 597
408 598
408 599
408 600
408 601
408 602
408 603
408 604
408 605
408 606
408 607
408 608
408 609
408 610
408 611
408 612
408 613
408 614
408 615
408 616
408 617
408 618
408 619
408 620
408 621
408 622
408 623
408 624
408 625
408 626
408 627
408 628
408 629
408 630
408 631
408 632
408 633
408 634
408 635
408 636
408 637
408 638
408 639
408 640
408 641
408 642
409 529
409 530
409 531
409 532
409 533
409 534
409 535
409 536
409 537
409 538
409 539
409 540
409 541
409 542
409 543
409 544
409 545
409 546
409 547
409 548
409 549
409 550
409 551
409 552
409 553
409 554
409 555
409 556
409 557
409 558
409 559
409 560
409 561
409 562
409 563
409 564
409 565
409 566
409 567
409 568
409 569
409 570
409 571
409 572
409 573
409 574
409 575
409 576
409 577
409 578
409 579
409 580
409 581
409 582
409 583
409 584
409 585
409 586
409 587
409 588
409 589
409 590
409 591
409 592
409 593
409 594
409 595
409 596
409 597
409 598
409 599
409 600
409 601
409 602
409 603
409 604
409 605
409 606
409 607
409 608
409 609
409 610
409 611
409 612
409 613
409 614
409 615
409 616
409 617
409 618
409 619
409 620
409 621
409 622
409 623
409 624
409 625
409 626
409 627
409 628
409 629
409 630
409 631
409 632
409 633
409 634
409 635
409 636
409 637
409 638
409 639
409 640
409 641
409 642
409 643
410 529
410 530
410 531
410 532
410 533
410 534
410 535
410 536
410 537
410 538
410 539
410 540
410 541
410 542
410 543
410 544
410 545
410 546
410 547
410 548
410 549
410 550
410 551
410 552
410 553
410 554
410 555
410 556
410 557
410 558
410 559
410 560
410 561
410 562
410 563
410 564
410 565
410 566
410 567
410 568
410 569
410 570
410 571
410 572
410 573
410 574
410 575
410 576
410 577
410 578
410 579
410 580
410 581
410 582
410 583
410 584
410 585
410 586
410 587
410 588
410 589
410 590
410 591
410 592
410 593
410 594
410 595
410 596
410 597
410 598
410 599
410 600
410 601
410 602
410 603
410 604
410 605
410 606
410 607
410 608
410 609
410 610
410 611
410 612
410 613
410 614
410 615
410 616
410 617
410 618
410 619
410 620
410 621
410 622
410 623
410 624
410 625
410 626
410 627
410 628
410 629
410 630
410 631
410 632
410 633
410 634
410 635
410 636
410 637
410 638
410 639
410 640
410 641
410 642
410 643
411 528
411 529
411 530
411 531
411 532
411 533
411 534
411 535
411 536
411 537
411 538
411 539
411 540
411 541
411 542
411 543
411 544
411 545
411 546
411 547
411 548
411 549
411 550
411 551
411 552
411 553
411 554
411 555
411 556
411 557
411 558
411 559
411 560
411 561
411 562
411 563
411 564
411 565
411 566
411 567
411 568
411 569
411 570
411 571
411 572
411 573
411 574
411 575
411 576
411 577
411 578
411 579
411 580
411 581
411 582
411 583
411 584
411 585
411 586
411 587
411 588
411 589
411 590
411 591
411 592
411 593
411 594
411 595
411 596
411 597
411 598
411 599
411 600
411 601
411 602
411 603
411 604
411 605
411 606
411 607
411 608
411 609
411 610
411 611
411 612
411 613
411 614
411 615
411 616
411 617
411 618
411 619
411 620
411 621
411 622
411 623
411 624
411 625
411 626
411 627
411 628
411 629
411 630
411 631
411 632
411 633
411 634
411 635
411 636
411 637
411 638
411 639
411 640
411 641
411 642
411 643
412 528
412 529
412 530
412 531
412 532
412 533
412 534
412 535
412 536
412 537
412 538
412 539
412 540
412 541
412 542
412 543
412 544
412 545
412 546
412 547
412 548
412 549
412 550
412 551
412 552
412 553
412 554
412 555
412 556
412 557
412 558
412 559
412 560
412 561
412 562
412 563
412 564
412 565
412 566
412 567
412 568
412 569
412 570
412 571
412 572
412 573
412 574
412 575
412 576
412 577
412 578
412 579
412 580
412 581
412 582
412 583
412 584
412 585
412 586
412 587
412 588
412 589
412 590
412 591
412 592
412 593
412 594
412 595
412 596
412 597
412 598
412 599
412 600
412 601
412 602
412 603
412 604
412 605
412 606
412 607
412 608
412 609
412 610
412 611
412 612
412 613
412 614
412 615
412 616
412 617
412 618
412 619
412 620
412 621
412 622
412 623
412 624
412 625
412 626
412 627
412 628
412 629
412 630
412 631
412 632
412 633
412 634
412 635
412 636
412 637
412 638
412 639
412 640
412 641
412 642
412 643
413 528
413 529
413 530
413 531
413 532
413 533
413 534
413 535
413 536
413 537
413 538
413 539
413 540
413 541
413 542
413 543
413 544
413 545
413 546
413 547
413 548
413 549
413 550
413 551
413 552
413 553
413 554
413 555
413 556
413 557
413 558
413 559
413 560
413 561
413 562
413 563
413 564
413 565
413 566
413 567
413 568
413 569
413 570
413 571
413 572
413 573
413 574
413 575
413 576
413 577
413 578
413 579
413 580
413 581
413 582
413 583
413 584
413 585
413 586
413 587
413 588
413 589
413 590
413 591
413 592
413 593
413 594
413 595
413 596
413 597
413 598
413 599
413 600
413 601
413 602
413 603
413 604
413 605
413 606
413 607
413 608
413 609
413 610
413 611
413 612
413 613
413 614
413 615
413 616
413 617
413 618
413 619
413 620
413 621
413 622
413 623
413 624
413 625
413 626
413 627
413 628
413 629
413 630
413 631
413 632
413 633
413 634
413 635
413 636
413 637
413 638
413 639
413 640
413 641
413 642
413 643
413 644
414 528
414 529
414 530
414 531
414 532
414 533
414 534
414 535
414 536
414 537
414 538
414 539
414 540
414 541
414 542
414 543
414 544
414 545
414 546
414 547
414 548
414 549
414 550
414 551
414 552
414 553
414 554
414 555
414 556
414 557
414 558
414 559
414 560
414 561
414 562
414 563
414 564
414 565
414 566
414 567
414 568
414 569
414 570
414 571
414 572
414 573
414 574
414 575
414 576
414 577
414 578
414 579
414 580
414 581
414 582
414 583
414 584
414 585
414 586
414 587
414 588
414 589
414 590
414 591
414 592
414 593
414 594
414 595
414 596
414 597
414 598
414 599
414 600
414 601
414 602
414 603
414 604
414 605
414 606
414 607
414 608
414 609
414 610
414 611
414 612
414 613
414 614
414 615
414 616
414 617
414 618
414 619
414 620
414 621
414 622
414 623
414 624
414 625
414 626
414 627
414 628
414 629
414 630
414 631
414 632
414 633
414 634
414 635
414 636
414 637
414 638
414 639
414 640
414 641
414 642
414 643
414 644
415 528
415 529
415 530
415 531
415 532
415 533
415 534
415 535
415 536
415 537
415 538
415 539
415 540
415 541
415 542
415 543
415 544
415 545
415 546
415 547
415 548
415 549
415 550
415 551
415 552
415 553
415 554
415 555
415 556
415 557
415 558
415 559
415 560
415 561
415 562
415 563
415 564
415 565
415 566
415 567
415 568
415 569
415 570
415 571
415 572
415 573
415 574
415 575
415 576
415 577
415 578
415 579
415 580
415 581
415 582
415 583
415 584
415 585
415 586
415 587
415 588
415 589
415 590
415 591
415 592
415 593
415 594
415 595
415 596
415 597
415 598
415 599
415 600
415 601
415 602
415 603
415 604
415 605
415 606
415 607
415 608
415 609
415 610
415 611
415 612
415 613
415 614
415 615
415 616
415 617
415 618
415 619
415 620
415 621
415 622
415 623
415 624
415 625
415 626
415 627
415 628
415 629
415 630
415 631
415 632
415 633
415 634
415 635
415 636
415 637
415 638
415 639
415 640
415 641
415 642
415 643
415 644
416 528
416 529
416 530
416 531
416 532
416 533
416 534
416 535
416 536
416 537
416 538
416 539
416 540
416 541
416 542
416 543
416 544
416 545
416 546
416 547
416 548
416 549
416 550
416 551
416 552
416 553
416 554
416 555
416 556
416 557
416 558
416 559
416 560
416 561
416 562
416 563
416 564
416 565
416 566
416 567
416 568
416 569
416 570
416 571
416 572
416 573
416 574
416 575
416 576
416 577
416 578
416 579
416 580
416 581
416 582
416 583
416 584
416 585
416 586
416 587
416 588
416 589
416 590
416 591
416 592
416 593
416 594
416 595
416 596
416 597
416 598
416 599
416 600
416 601
416 602
416 603
416 604
416 605
416 606
416 607
416 608
416 609
416 610
416 611
416 612
416 613
416 614
416 615
416 616
416 617
416 618
416 619
416 620
416 621
416 622
416 623
416 624
416 625
416 626
416 627
416 628
416 629
416 630
416 631
416 632
416 633
416 634
416 635
416 636
416 637
416 638
416 639
416 640
416 641
416 642
416 643
416 644
417 527
417 528
417 529
417 530
417 531
417 532
417 533
417 534
417 535
417 536
417 537
417 538
417 539
417 540
417 541
417 542
417 543
417 544
417 545
417 546
417 547
417 548
417 549
417 550
417 551
417 552
417 553
417 554
417 555
417 556
417 557
417 558
417 559
417 560
417 561
417 562
417 563
417 564
417 565
417 566
417 567
417 568
417 569
417 570
417 571
417 572
417 573
417 574
417 575
417 576
417 577
417 578
417 579
417 580
417 581
417 582
417 583
417 584
417 585
417 586
417 587
417 588
417 589
417 590
417 591
417 592
417 593
417 594
417 595
417 596
417 597
417 598
417 599
417 600
417 601
417 602
417 603
417 604
417 605
417 606
417 607
417 608
417 609
417 610
417 611
417 612
417 613
417 614
417 615
417 616
417 617
417 618
417 619
417 620
417 621
417 622
417 623
417 624
417 625
417 626
417 627
417 628
417 629
417 630
417 631
417 632
417 633
417 634
417 635
417 636
417 637
417 638
417 639
417 640
417 641
417 642
417 643
417 644
418 527
418 528
418 529
418 530
418 531
418 532
418 533
418 534
418 535
418 536
418 537
418 538
418 539
418 540
418 541
418 542
418 543
418 544
418 545
418 546
418 547
418 548
418 549
418 550
418 551
418 552
418 553
418 554
418 555
418 556
418 557
418 558
418 559
418 560
418 561
418 562
418 563
418 564
418 565
418 566
418 567
418 568
418 569
418 570
418 571
418 572
418 573
418 574
418 575
418 576
418 577
418 578
418 579
418 580
418 581
418 582
418 583
418 584
418 585
418 586
418 587
418 588
418 589
418 590
418 591
418 592
418 593
418 594
418 595
418 596
418 597
418 598
418 599
418 600
418 601
418 602
418 603
418 604
418 605
418 606
418 607
418 608
418 609
418 610
418 611
418 612
418 613
418 614
418 615
418 616
418 617
418 618
418 619
418 620
418 621
418 622
418 623
418 624
418 625
418 626
418 627
418 628
418 629
418 630
418 631
418 632
418 633
418 634
418 635
418 636
418 637
418 638
418 639
418 640
418 641
418 642
418 643
418 644
418 645
419 527
419 528
419 529
419 530
419 531
419 532
419 533
419 534
419 535
419 536
419 537
419 538
419 539
419 540
419 541
419 542
419 543
419 544
419 545
419 546
419 547
419 548
419 549
419 550
419 551
419 552
419 553
419 554
419 555
419 556
419 557
419 558
419 559
419 560
419 561
419 562
419 563
419 564
419 565
419 566
419 567
419 568
419 569
419 570
419 571
419 572
419 573
419 574
419 575
419 576
419 577
419 578
419 579
419 580
419 581
419 582
419 583
419 584
419 585
419 586
419 587
419 588
419 589
419 590
419 591
419 592
419 593
419 594
419 595
419 596
419 597
419 598
419 599
419 600
419 601
419 602
419 603
419 604
419 605
419 606
419 607
419 608
419 609
419 610
419 611
419 612
419 613
419 614
419 615
419 616
419 617
419 618
419 619
419 620
419 621
419 622
419 623
419 624
419 625
419 626
419 627
419 628
419 629
419 630
419 631
419 632
419 633
419 634
419 635
419 636
419 637
419 638
419 639
419 640
419 641
419 642
419 643
419 644
419 645
420 527
420 528
420 529
420 530
420 531
420 532
420 533
420 534
420 535
420 536
420 537
420 538
420 539
420 540
420 541
420 542
420 543
420 544
420 545
420 546
420 547
420 548
420 549
420 550
420 551
420 552
420 553
420 554
420 555
420 556
420 557
420 558
420 559
420 560
420 561
420 562
420 563
420 564
420 565
420 566
420 567
420 568
420 569
420 570
420 571
420 572
420 573
420 574
420 575
420 576
420 577
420 578
420 579
420 580
420 581
420 582
420 583
420 584
420 585
420 586
420 587
420 588
420 589
420 590
420 591
420 592
420 593
420 594
420 595
420 596
420 597
420 598
420 599
420 600
420 601
420 602
420 603
420 604
420 605
420 606
420 607
420 608
420 609
420 610
420 611
420 612
420 613
420 614
420 615
420 616
420 617
420 618
420 619
420 620
420 621
420 622
420 623
420 624
420 625
420 626
420 627
420 628
420 629
420 630
420 631
420 632
420 633
420 634
420 635
420 636
420 637
420 638
420 639
420 640
420 641
420 642
420 643
420 644
420 645
421 527
421 528
421 529
421 530
421 531
421 532
421 533
421 534
421 535
421 536
421 537
421 538
421 539
421 540
421 541
421 542
421 543
421 544
421 545
421 546
421 547
421 548
421 549
421 550
421 551
421 552
421 553
421 554
421 555
421 556
421 557
421 558
421 559
421 560
421 561
421 562
421 563
421 564
421 565
421 566
421 567
421 568
421 569
421 570
421 571
421 572
421 573
421 574
421 575
421 576
421 577
421 578
421 579
421 580
421 581
421 582
421 583
421 584
421 585
421 586
421 587
421 588
421 589
421 590
421 591
421 592
421 593
421 594
421 595
421 596
421 597
421 598
421 599
421 600
421 601
421 602
421 603
421 604
421 605
421 606
421 607
421 608
421 609
421 610
421 611
421 612
421 613
421 614
421 615
421 616
421 617
421 618
421 619
421 620
421 621
421 622
421 623
421 624
421 625
421 626
421 627
421 628
421 629
421 630
421 631
421 632
421 633
421 634
421 635
421 636
421 637
421 638
421 639
421 640
421 641
421 642
421 643
421 644
421 645
422 527
422 528
422 529
422 530
422 531
422 532
422 533
422 534
422 535
422 536
422 537
422 538
422 539
422 540
422 541
422 542
422 543
422 544
422 545
422 546
422 547
422 548
422 549
422 550
422 551
422 552
422 553
422 554
422 555
422 556
422 557
422 558
422 559
422 560
422 561
422 562
422 563
422 564
422 565
422 566
422 567
422 568
422 569
422 570
422 571
422 572
422 573
422 574
422 575
422 576
422 577
422 578
422 579
422 580
422 581
422 582
422 583
422 584
422 585
422 586
422 587
422 588
422 589
422 590
422 591
422 592
422 593
422 594
422 595
422 596
422 597
422 598
422 599
422 600
422 601
422 602
422 603
422 604
422 605
422 606
422 607
422 608
422 609
422 610
422 611
422 612
422 613
422 614
422 615
422 616
422 617
422 618
422 619
422 620
422 621
422 622
422 623
422 624
422 625
422 626
422 627
422 628
422 629
422 630
422 631
422 632
422 633
422 634
422 635
422 636
422 637
422 638
422 639
422 640
422 641
422 642
422 643
422 644
422 645
423 527
423 528
423 529
423 530
423 531
423 532
423 533
423 534
423 535
423 536
423 537
423 538
423 539
423 540
423 541
423 542
423 543
423 544
423 545
423 546
423 547
423 548
423 549
423 550
423 551
423 552
423 553
423 554
423 555
423 556
423 557
423 558
423 559
423 560
423 561
423 562
423 563
423 564
423 565
423 566
423 567
423 568
423 569
423 570
423 571
423 572
423 573
423 574
423 575
423 576
423 577
423 578
423 579
423 580
423 581
423 582
423 583
423 584
423 585
423 586
423 587
423 588
423 589
423 590
423 591
423 592
423 593
423 594
423 595
423 596
423 597
423 598
423 599
423 600
423 601
423 602
423 603
423 604
423 605
423 606
423 607
423 608
423 609
423 610
423 611
423 612
423 613
423 614
423 615
423 616
423 617
423 618
423 619
423 620
423 621
423 622
423 623
423 624
423 625
423 626
423 627
423 628
423 629
423 630
423 631
423 632
423 633
423 634
423 635
423 636
423 637
423 638
423 639
423 640
423 641
423 642
423 643
423 644
423 645
424 526
424 527
424 528
424 529
424 530
424 531
424 532
424 533
424 534
424 535
424 536
424 537
424 538
424 539
424 540
424 541
424 542
424 543
424 544
424 545
424 546
424 547
424 548
424 549
424 550
424 551
424 552
424 553
424 554
424 555
424 556
424 557
424 558
424 559
424 560
424 561
424 562
424 563
424 564
424 565
424 566
424 567
424 568
424 569
424 570
424 571
424 572
424 573
424 574
424 575
424 576
424 577
424 578
424 579
424 580
424 581
424 582
424 583
424 584
424 585
424 586
424 587
424 588
424 589
424 590
424 591
424 592
424 593
424 594
424 595
424 596
424 597
424 598
424 599
424 600
424 601
424 602
424 603
424 604
424 605
424 606
424 607
424 608
424 609
424 610
424 611
424 612
424 613
424 614
424 615
424 616
424 617
424 618
424 619
424 620
424 621
424 622
424 623
424 624
424 625
424 626
424 627
424 628
424 629
424 630
424 631
424 632
424 633
424 634
424 635
424 636
424 637
424 638
424 639
424 640
424 641
424 642
424 643
424 644
424 645
425 526
425 527
425 528
425 529
425 530
425 531
425 532
425 533
425 534
425 535
425 536
425 537
425 538
425 539
425 540
425 541
425 542
425 543
425 544
425 545
425 546
425 547
425 548
425 549
425 550
425 551
425 552
425 553
425 554
425 555
425 556
425 557
425 558
425 559
425 560
425 561
425 562
425 563
425 564
425 565
425 566
425 567
425 568
425 569
425 570
425 571
425 572
425 573
425 574
425 575
425 576
425 577
425 578
425 579
425 580
425 581
425 582
425 583
425 584
425 585
425 586
425 587
425 588
425 589
425 590
425 591
425 592
425 593
425 594
425 595
425 596
425 597
425 598
425 599
425 600
425 601
425 602
425 603
425 604
425 605
425 606
425 607
425 608
425 609
425 610
425 611
425 612
425 613
425 614
425 615
425 616
425 617
425 618
425 619
425 620
425 621
425 622
425 623
425 624
425 625
425 626
425 627
425 628
425 629
425 630
425 631
425 632
425 633
425 634
425 635
425 636
425 637
425 638
425 639
425 640
425 641
425 642
425 643
425 644
425 645
426 526
426 527
426 528
426 529
426 530
426 531
426 532
426 533
426 534
426 535
426 536
426 537
426 538
426 539
426 540
426 541
426 542
426 543
426 544
426 545
426 546
426 547
426 548
426 549
426 550
426 551
426 552
426 553
426 554
426 555
426 556
426 557
426 558
426 559
426 560
426 561
426 562
426 563
426 564
426 565
426 566
426 567
426 568
426 569
426 570
426 571
426 572
426 573
426 574
426 575
426 576
426 577
426 578
426 579
426 580
426 581
426 582
426 583
426 584
426 585
426 586
426 587
426 588
426 589
426 590
426 591
426 592
426 593
426 594
426 595
426 596
426 597
426 598
426 599
426 600
426 601
426 602
426 603
426 604
426 605
426 606
426 607
426 608
426 609
426 610
426 611
426 612
426 613
426 614
426 615
426 616
426 617
426 618
426 619
426 620
426 621
426 622
426 623
426 624
426 625
426 626
426 627
426 628
426 629
426 630
426 631
426 632
426 633
426 634
426 635
426 636
426 637
426 638
426 639
426 640
426 641
426 642
426 643
426 644
426 645
427 526
427 527
427 528
427 529
427 530
427 531
427 532
427 533
427 534
427 535
427 536
427 537
427 538
427 539
427 540
427 541
427 542
427 543
427 544
427 545
427 546
427 547
427 548
427 549
427 550
427 551
427 552
427 553
427 554
427 555
427 556
427 557
427 558
427 559
427 560
427 561
427 562
427 563
427 564
427 565
427 566
427 567
427 568
427 569
427 570
427 571
427 572
427 573
427 574
427 575
427 576
427 577
427 578
427 579
427 580
427 581
427 582
427 583
427 584
427 585
427 586
427 587
427 588
427 589
427 590
427 591
427 592
427 593
427 594
427 595
427 596
427 597
427 598
427 599
427 600
427 601
427 602
427 603
427 604
427 605
427 606
427 607
427 608
427 609
427 610
427 611
427 612
427 613
427 614
427 615
427 616
427 617
427 618
427 619
427 620
427 621
427 622
427 623
427 624
427 625
427 626
427 627
427 628
427 629
427 630
427 631
427 632
427 633
427 634
427 635
427 636
427 637
427 638
427 639
427 640
427 641
427 642
427 643
427 644
427 645
428 526
428 527
428 528
428 529
428 530
428 531
428 532
428 533
428 534
428 535
428 536
428 537
428 538
428 539
428 540
428 541
428 542
428 543
428 544
428 545
428 546
428 547
428 548
428 549
428 550
428 551
428 552
428 553
428 554
428 555
428 556
428 557
428 558
428 559
428 560
428 561
428 562
428 563
428 564
428 565
428 566
428 567
428 568
428 569
428 570
428 571
428 572
428 573
428 574
428 575
428 576
428 577
428 578
428 579
428 580
428 581
428 582
428 583
428 584
428 585
428 586
428 587
428 588
428 589
428 590
428 591
428 592
428 593
428 594
428 595
428 596
428 597
428 598
428 599
428 600
428 601
428 602
428 603
428 604
428 605
428 606
428 607
428 608
428 609
428 610
428 611
428 612
428 613
428 614
428 615
428 616
428 617
428 618
428 619
428 620
428 621
428 622
428 623
428 624
428 625
428 626
428 627
428 628
428 629
428 630
428 631
428 632
428 633
428 634
428 635
428 636
428 637
428 638
428 639
428 640
428 641
428 642
428 643
428 644
428 645
429 526
429 527
429 528
429 529
429 530
429 531
429 532
429 533
429 534
429 535
429 536
429 537
429 538
429 539
429 540
429 541
429 542
429 543
429 544
429 545
429 546
429 547
429 548
429 549
429 550
429 551
429 552
429 553
429 554
429 555
429 556
429 557
429 558
429 559
429 560
429 561
429 562
429 563
429 564
429 565
429 566
429 567
429 568
429 569
429 570
429 571
429 572
429 573
429 574
429 575
429 576
429 577
429 578
429 579
429 580
429 581
429 582
429 583
429 584
429 585
429 586
429 587
429 588
429 589
429 590
429 591
429 592
429 593
429 594
429 595
429 596
429 597
429 598
429 599
429 600
429 601
429 602
429 603
429 604
429 605
429 606
429 607
429 608
429 609
429 610
429 611
429 612
429 613
429 614
429 615
429 616
429 617
429 618
429 619
429 620
429 621
429 622
429 623
429 624
429 625
429 626
429 627
429 628
429 629
429 630
429 631
429 632
429 633
429 634
429 635
429 636
429 637
429 638
429 639
429 640
429 641
429 642
429 643
429 644
429 645
430 526
430 527
430 528
430 529
430 530
430 531
430 532
430 533
430 534
430 535
430 536
430 537
430 538
430 539
430 540
430 541
430 542
430 543
430 544
430 545
430 546
430 547
430 548
430 549
430 550
430 551
430 552
430 553
430 554
430 555
430 556
430 557
430 558
430 559
430 560
430 561
430 562
430 563
430 564
430 565
430 566
430 567
430 568
430 569
430 570
430 571
430 572
430 573
430 574
430 575
430 576
430 577
430 578
430 579
430 580
430 581
430 582
430 583
430 584
430 585
430 586
430 587
430 588
430 589
430 590
430 591
430 592
430 593
430 594
430 595
430 596
430 597
430 598
430 599
430 600
430 601
430 602
430 603
430 604
430 605
430 606
430 607
430 608
430 609
430 610
430 611
430 612
430 613
430 614
430 615
430 616
430 617
430 618
430 619
430 620
430 621
430 622
430 623
430 624
430 625
430 626
430 627
430 628
430 629
430 630
430 631
430 632
430 633
430 634
430 635
430 636
430 637
430 638
430 639
430 640
430 641
430 642
430 643
430 644
430 645
431 527
431 528
431 529
431 530
431 531
431 532
431 533
431 534
431 535
431 536
431 537
431 538
431 539
431 540
431 541
431 542
431 543
431 544
431 545
431 546
431 547
431 548
431 549
431 550
431 551
431 552
431 553
431 554
431 555
431 556
431 557
431 558
431 559
431 560
431 561
431 562
431 563
431 564
431 565
431 566
431 567
431 568
431 569
431 570
431 571
431 572
431 573
431 574
431 575
431 576
431 577
431 578
431 579
431 580
431 581
431 582
431 583
431 584
431 585
431 586
431 587
431 588
431 589
431 590
431 591
431 592
431 593
431 594
431 595
431 596
431 597
431 598
431 599
431 600
431 601
431 602
431 603
431 604
431 605
431 606
431 607
431 608
431 609
431 610
431 611
431 612
431 613
431 614
431 615
431 616
431 617
431 618
431 619
431 620
431 621
431 622
431 623
431 624
431 625
431 626
431 627
431 628
431 629
431 630
431 631
431 632
431 633
431 634
431 635
431 636
431 637
431 638
431 639
431 640
431 641
431 642
431 643
431 644
431 645
432 527
432 528
432 529
432 530
432 531
432 532
432 533
432 534
432 535
432 536
432 537
432 538
432 539
432 540
432 541
432 542
432 543
432 544
432 545
432 546
432 547
432 548
432 549
432 550
432 551
432 552
432 553
432 554
432 555
432 556
432 557
432 558
432 559
432 560
432 561
432 562
432 563
432 564
432 565
432 566
432 567
432 568
432 569
432 570
432 571
432 572
432 573
432 574
432 575
432 576
432 577
432 578
432 579
432 580
432 581
432 582
432 583
432 584
432 585
432 586
432 587
432 588
432 589
432 590
432 591
432 592
432 593
432 594
432 595
432 596
432 597
432 598
432 599
432 600
432 601
432 602
432 603
432 604
432 605
432 606
432 607
432 608
432 609
432 610
432 611
432 612
432 613
432 614
432 615
432 616
432 617
432 618
432 619
432 620
432 621
432 622
432 623
432 624
432 625
432 626
432 627
432 628
432 629
432 630
432 631
432 632
432 633
432 634
432 635
432 636
432 637
432 638
432 639
432 640
432 641
432 642
432 643
432 644
433 527
433 528
433 529
433 530
433 531
433 532
433 533
433 534
433 535
433 536
433 537
433 538
433 539
433 540
433 541
433 542
433 543
433 544
433 545
433 546
433 547
433 548
433 549
433 550
433 551
433 552
433 553
433 554
433 555
433 556
433 557
433 558
433 559
433 560
433 561
433 562
433 563
433 564
433 565
433 566
433 567
433 568
433 569
433 570
433 571
433 572
433 573
433 574
433 575
433 576
433 577
433 578
433 579
433 580
433 581
433 582
433 583
433 584
433 585
433 586
433 587
433 588
433 589
433 590
433 591
433 592
433 593
433 594
433 595
433 596
433 597
433 598
433 599
433 600
433 601
433 602
433 603
433 604
433 605
433 606
433 607
433 608
433 609
433 610
433 611
433 612
433 613
433 614
433 615
433 616
433 617
433 618
433 619
433 620
433 621
433 622
433 623
433 624
433 625
433 626
433 627
433 628
433 629
433 630
433 631
433 632
433 633
433 634
433 635
433 636
433 637
433 638
433 639
433 640
433 641
433 642
433 643
433 644
434 527
434 528
434 529
434 530
434 531
434 532
434 533
434 534
434 535
434 536
434 537
434 538
434 539
434 540
434 541
434 542
434 543
434 544
434 545
434 546
434 547
434 548
434 549
434 550
434 551
434 552
434 553
434 554
434 555
434 556
434 557
434 558
434 559
434 560
434 561
434 562
434 563
434 564
434 565
434 566
434 567
434 568
434 569
434 570
434 571
434 572
434 573
434 574
434 575
434 576
434 577
434 578
434 579
434 580
434 581
434 582
434 583
434 584
434 585
434 586
434 587
434 588
434 589
434 590
434 591
434 592
434 593
434 594
434 595
434 596
434 597
434 598
434 599
434 600
434 601
434 602
434 603
434 604
434 605
434 606
434 607
434 608
434 609
434 610
434 611
434 612
434 613
434 614
434 615
434 616
434 617
434 618
434 619
434 620
434 621
434 622
434 623
434 624
434 625
434 626
434 627
434 628
434 629
434 630
434 631
434 632
434 633
434 634
434 635
434 636
434 637
434 638
434 639
434 640
434 641
434 642
434 643
434 644
435 527
435 528
435 529
435 530
435 531
435 532
435 533
435 534
435 535
435 536
435 537
435 538
435 539
435 540
435 541
435 542
435 543
435 544
435 545
435 546
435 547
435 548
435 549
435 550
435 551
435 552
435 553
435 554
435 555
435 556
435 557
435 558
435 559
435 560
435 561
435 562
435 563
435 564
435 565
435 566
435 567
435 568
435 569
435 570
435 571
435 572
435 573
435 574
435 575
435 576
435 577
435 578
435 579
435 580
435 581
435 582
435 583
435 584
435 585
435 586
435 587
435 588
435 589
435 590
435 591
435 592
435 593
435 594
435 595
435 596
435 597
435 598
435 599
435 600
435 601
435 602
435 603
435 604
435 605
435 606
435 607
435 608
435 609
435 610
435 611
435 612
435 613
435 614
435 615
435 616
435 617
435 618
435 619
435 620
435 621
435 622
435 623
435 624
435 625
435 626
435 627
435 628
435 629
435 630
435 631
435 632
435 633
435 634
435 635
435 636
435 637
435 638
435 639
435 640
435 641
435 642
435 643
435 644
436 527
436 528
436 529
436 530
436 531
436 532
436 533
436 534
436 535
436 536
436 537
436 538
436 539
436 540
436 541
436 542
436 543
436 544
436 545
436 546
436 547
436 548
436 549
436 550
436 551
436 552
436 553
436 554
436 555
436 556
436 557
436 558
436 559
436 560
436 561
436 562
436 563
436 564
436 565
436 566
436 567
436 568
436 569
436 570
436 571
436 572
436 573
436 574
436 575
436 576
436 577
436 578
436 579
436 580
436 581
436 582
436 583
436 584
436 585
436 586
436 587
436 588
436 589
436 590
436 591
436 592
436 593
436 594
436 595
436 596
436 597
436 598
436 599
436 600
436 601
436 602
436 603
436 604
436 605
436 606
436 607
436 608
436 609
436 610
436 611
436 612
436 613
436 614
436 615
436 616
436 617
436 618
436 619
436 620
436 621
436 622
436 623
436 624
436 625
436 626
436 627
436 628
436 629
436 630
436 631
436 632
436 633
436 634
436 635
436 636
436 637
436 638
436 639
436 640
436 641
436 642
436 643
436 644
437 527
437 528
437 529
437 530
437 531
437 532
437 533
437 534
437 535
437 536
437 537
437 538
437 539
437 540
437 541
437 542
437 543
437 544
437 545
437 546
437 547
437 548
437 549
437 550
437 551
437 552
437 553
437 554
437 555
437 556
437 557
437 558
437 559
437 560
437 561
437 562
437 563
437 564
437 565
437 566
437 567
437 568
437 569
437 570
437 571
437 572
437 573
437 574
437 575
437 576
437 577
437 578
437 579
437 580
437 581
437 582
437 583
437 584
437 585
437 586
437 587
437 588
437 589
437 590
437 591
437 592
437 593
437 594
437 595
437 596
437 597
437 598
437 599
437 600
437 601
437 602
437 603
437 604
437 605
437 606
437 607
437 608
437 609
437 610
437 611
437 612
437 613
437 614
437 615
437 616
437 617
437 618
437 619
437 620
437 621
437 622
437 623
437 624
437 625
437 626
437 627
437 628
437 629
437 630
437 631
437 632
437 633
437 634
437 635
437 636
437 637
437 638
437 639
437 640
437 641
437 642
437 643
437 644
438 528
438 529
438 530
438 531
438 532
438 533
438 534
438 535
438 536
438 537
438 538
438 539
438 540
438 541
438 542
438 543
438 544
438 545
438 546
438 547
438 548
438 549
438 550
438 551
438 552
438 553
438 554
438 555
438 556
438 557
438 558
438 559
438 560
438 561
438 562
438 563
438 564
438 565
438 566
438 567
438 568
438 569
438 570
438 571
438 572
438 573
438 574
438 575
438 576
438 577
438 578
438 579
438 580
438 581
438 582
438 583
438 584
438 585
438 586
438 587
438 588
438 589
438 590
438 591
438 592
438 593
438 594
438 595
438 596
438 597
438 598
438 599
438 600
438 601
438 602
438 603
438 604
438 605
438 606
438 607
438 608
438 609
438 610
438 611
438 612
438 613
438 614
438 615
438 616
438 617
438 618
438 619
438 620
438 621
438 622
438 623
438 624
438 625
438 626
438 627
438 628
438 629
438 630
438 631
438 632
438 633
438 634
438 635
438 636
438 637
438 638
438 639
438 640
438 641
438 642
438 643
438 644
439 528
439 529
439 530
439 531
439 532
439 533
439 534
439 535
439 536
439 537
439 538
439 539
439 540
439 541
439 542
439 543
439 544
439 545
439 546
439 547
439 548
439 549
439 550
439 551
439 552
439 553
439 554
439 555
439 556
439 557
439 558
439 559
439 560
439 561
439 562
439 563
439 564
439 565
439 566
439 567
439 568
439 569
439 570
439 571
439 572
439 573
439 574
439 575
439 576
439 577
439 578
439 579
439 580
439 581
439 582
439 583
439 584
439 585
439 586
439 587
439 588
439 589
439 590
439 591
439 592
439 593
439 594
439 595
439 596
439 597
439 598
439 599
439 600
439 601
439 602
439 603
439 604
439 605
439 606
439 607
439 608
439 609
439 610
439 611
439 612
439 613
439 614
439 615
439 616
439 617
439 618
439 619
439 620
439 621
439 622
439 623
439 624
439 625
439 626
439 627
439 628
439 629
439 630
439 631
439 632
439 633
439 634
439 635
439 636
439 637
439 638
439 639
439 640
439 641
439 642
439 643
439 644
440 528
440 529
440 530
440 531
440 532
440 533
440 534
440 535
440 536
440 537
440 538
440 539
440 540
440 541
440 542
440 543
440 544
440 545
440 546
440 547
440 548
440 549
440 550
440 551
440 552
440 553
440 554
440 555
440 556
440 557
440 558
440 559
440 560
440 561
440 562
440 563
440 564
440 565
440 566
440 567
440 568
440 569
440 570
440 571
440 572
440 573
440 574
440 575
440 576
440 577
440 578
440 579
440 580
440 581
440 582
440 583
440 584
440 585
440 586
440 587
440 588
440 589
440 590
440 591
440 592
440 593
440 594
440 595
440 596
440 597
440 598
440 599
440 600
440 601
440 602
440 603
440 604
440 605
440 606
440 607
440 608
440 609
440 610
440 611
440 612
440 613
440 614
440 615
440 616
440 617
440 618
440 619
440 620
440 621
440 622
440 623
440 624
440 625
440 626
440 627
440 628
440 629
440 630
440 631
440 632
440 633
440 634
440 635
440 636
440 637
440 638
440 639
440 640
440 641
440 642
440 643
441 528
441 529
441 530
441 531
441 532
441 533
441 534
441 535
441 536
441 537
441 538
441 539
441 540
441 541
441 542
441 543
441 544
441 545
441 546
441 547
441 548
441 549
441 550
441 551
441 552
441 553
441 554
441 555
441 556
441 557
441 558
441 559
441 560
441 561
441 562
441 563
441 564
441 565
441 566
441 567
441 568
441 569
441 570
441 571
441 572
441 573
441 574
441 575
441 576
441 577
441 578
441 579
441 580
441 581
441 582
441 583
441 584
441 585
441 586
441 587
441 588
441 589
441 590
441 591
441 592
441 593
441 594
441 595
441 596
441 597
441 598
441 599
441 600
441 601
441 602
441 603
441 604
441 605
441 606
441 607
441 608
441 609
441 610
441 611
441 612
441 613
441 614
441 615
441 616
441 617
441 618
441 619
441 620
441 621
441 622
441 623
441 624
441 625
441 626
441 627
441 628
441 629
441 630
441 631
441 632
441 633
441 634
441 635
441 636
441 637
441 638
441 639
441 640
441 641
441 642
441 643
442 528
442 529
442 530
442 531
442 532
442 533
442 534
442 535
442 536
442 537
442 538
442 539
442 540
442 541
442 542
442 543
442 544
442 545
442 546
442 547
442 548
442 549
442 550
442 551
442 552
442 553
442 554
442 555
442 556
442 557
442 558
442 559
442 560
442 561
442 562
442 563
442 564
442 565
442 566
442 567
442 568
442 569
442 570
442 571
442 572
442 573
442 574
442 575
442 576
442 577
442 578
442 579
442 580
442 581
442 582
442 583
442 584
442 585
442 586
442 587
442 588
442 589
442 590
442 591
442 592
442 593
442 594
442 595
442 596
442 597
442 598
442 599
442 600
442 601
442 602
442 603
442 604
442 605
442 606
442 607
442 608
442 609
442 610
442 611
442 612
442 613
442 614
442 615
442 616
442 617
442 618
442 619
442 620
442 621
442 622
442 623
442 624
442 625
442 626
442 627
442 628
442 629
442 630
442 631
442 632
442 633
442 634
442 635
442 636
442 637
442 638
442 639
442 640
442 641
442 642
442 643
443 529
443 530
443 531
443 532
443 533
443 534
443 535
443 536
443 537
443 538
443 539
443 540
443 541
443 542
443 543
443 544
443 545
443 546
443 547
443 548
443 549
443 550
443 551
443 552
443 553
443 554
443 555
443 556
443 557
443 558
443 559
443 560
443 561
443 562
443 563
443 564
443 565
443 566
443 567
443 568
443 569
443 570
443 571
443 572
443 573
443 574
443 575
443 576
443 577
443 578
443 579
443 580
443 581
443 582
443 583
443 584
443 585
443 586
443 587
443 588
443 589
443 590
443 591
443 592
443 593
443 594
443 595
443 596
443 597
443 598
443 599
443 600
443 601
443 602
443 603
443 604
443 605
443 606
443 607
443 608
443 609
443 610
443 611
443 612
443 613
443 614
443 615
443 616
443 617
443 618
443 619
443 620
443 621
443 622
443 623
443 624
443 625
443 626
443 627
443 628
443 629
443 630
443 631
443 632
443 633
443 634
443 635
443 636
443 637
443 638
443 639
443 640
443 641
443 642
444 529
444 530
444 531
444 532
444 533
444 534
444 535
444 536
444 537
444 538
444 539
444 540
444 541
444 542
444 543
444 544
444 545
444 546
444 547
444 548
444 549
444 550
444 551
444 552
444 553
444 554
444 555
444 556
444 557
444 558
444 559
444 560
444 561
444 562
444 563
444 564
444 565
444 566
444 567
444 568
444 569
444 570
444 571
444 572
444 573
444 574
444 575
444 576
444 577
444 578
444 579
444 580
444 581
444 582
444 583
444 584
444 585
444 586
444 587
444 588
444 589
444 590
444 591
444 592
444 593
444 594
444 595
444 596
444 597
444 598
444 599
444 600
444 601
444 602
444 603
444 604
444 605
444 606
444 607
444 608
444 609
444 610
444 611
444 612
444 613
444 614
444 615
444 616
444 617
444 618
444 619
444 620
444 621
444 622
444 623
444 624
444 625
444 626
444 627
444 628
444 629
444 630
444 631
444 632
444 633
444 634
444 635
444 636
444 637
444 638
444 639
444 640
444 641
444 642
445 529
445 530
445 531
445 532
445 533
445 534
445 535
445 536
445 537
445 538
445 539
445 540
445 541
445 542
445 543
445 544
445 545
445 546
445 547
445 548
445 549
445 550
445 551
445 552
445 553
445 554
445 555
445 556
445 557
445 558
445 559
445 560
445 561
445 562
445 563
445 564
445 565
445 566
445 567
445 568
445 569
445 570
445 571
445 572
445 573
445 574
445 575
445 576
445 577
445 578
445 579
445 580
445 581
445 582
445 583
445 584
445 585
445 586
445 587
445 588
445 589
445 590
445 591
445 592
445 593
445 594
445 595
445 596
445 597
445 598
445 599
445 600
445 601
445 602
445 603
445 604
445 605
445 606
445 607
445 608
445 609
445 610
445 611
445 612
445 613
445 614
445 615
445 616
445 617
445 618
445 619
445 620
445 621
445 622
445 623
445 624
445 625
445 626
445 627
445 628
445 629
445 630
445 631
445 632
445 633
445 634
445 635
445 636
445 637
445 638
445 639
445 640
445 641
445 642
446 530
446 531
446 532
446 533
446 534
446 535
446 536
446 537
446 538
446 539
446 540
446 541
446 542
446 543
446 544
446 545
446 546
446 547
446 548
446 549
446 550
446 551
446 552
446 553
446 554
446 555
446 556
446 557
446 558
446 559
446 560
446 561
446 562
446 563
446 564
446 565
446 566
446 567
446 568
446 569
446 570
446 571
446 572
446 573
446 574
446 575
446 576
446 577
446 578
446 579
446 580
446 581
446 582
446 583
446 584
446 585
446 586
446 587
446 588
446 589
446 590
446 591
446 592
446 593
446 594
446 595
446 596
446 597
446 598
446 599
446 600
446 601
446 602
446 603
446 604
446 605
446 606
446 607
446 608
446 609
446 610
446 611
446 612
446 613
446 614
446 615
446 616
446 617
446 618
446 619
446 620
446 621
446 622
446 623
446 624
446 625
446 626
446 627
446 628
446 629
446 630
446 631
446 632
446 633
446 634
446 635
446 636
446 637
446 638
446 639
446 640
446 641
447 530
447 531
447 532
447 533
447 534
447 535
447 536
447 537
447 538
447 539
447 540
447 541
447 542
447 543
447 544
447 545
447 546
447 547
447 548
447 549
447 550
447 551
447 552
447 553
447 554
447 555
447 556
447 557
447 558
447 559
447 560
447 561
447 562
447 563
447 564
447 565
447 566
447 567
447 568
447 569
447 570
447 571
447 572
447 573
447 574
447 575
447 576
447 577
447 578
447 579
447 580
447 581
447 582
447 583
447 584
447 585
447 586
447 587
447 588
447 589
447 590
447 591
447 592
447 593
447 594
447 595
447 596
447 597
447 598
447 599
447 600
447 601
447 602
447 603
447 604
447 605
447 606
447 607
447 608
447 609
447 610
447 611
447 612
447 613
447 614
447 615
447 616
447 617
447 618
447 619
447 620
447 621
447 622
447 623
447 624
447 625
447 626
447 627
447 628
447 629
447 630
447 631
447 632
447 633
447 634
447 635
447 636
447 637
447 638
447 639
447 640
447 641
448 530
448 531
448 532
448 533
448 534
448 535
448 536
448 537
448 538
448 539
448 540
448 541
448 542
448 543
448 544
448 545
448 546
448 547
448 548
448 549
448 550
448 551
448 552
448 553
448 554
448 555
448 556
448 557
448 558
448 559
448 560
448 561
448 562
448 563
448 564
448 565
448 566
448 567
448 568
448 569
448 570
448 571
448 572
448 573
448 574
448 575
448 576
448 577
448 578
448 579
448 580
448 581
448 582
448 583
448 584
448 585
448 586
448 587
448 588
448 589
448 590
448 591
448 592
448 593
448 594
448 595
448 596
448 597
448 598
448 599
448 600
448 601
448 602
448 603
448 604
448 605
448 606
448 607
448 608
448 609
448 610
448 611
448 612
448 613
448 614
448 615
448 616
448 617
448 618
448 619
448 620
448 621
448 622
448 623
448 624
448 625
448 626
448 627
448 628
448 629
448 630
448 631
448 632
448 633
448 634
448 635
448 636
448 637
448 638
448 639
448 640
448 641
449 531
449 532
449 533
449 534
449 535
449 536
449 537
449 538
449 539
449 540
449 541
449 542
449 543
449 544
449 545
449 546
449 547
449 548
449 549
449 550
449 551
449 552
449 553
449 554
449 555
449 556
449 557
449 558
449 559
449 560
449 561
449 562
449 563
449 564
449 565
449 566
449 567
449 568
449 569
449 570
449 571
449 572
449 573
449 574
449 575
449 576
449 577
449 578
449 579
449 580
449 581
449 582
449 583
449 584
449 585
449 586
449 587
449 588
449 589
449 590
449 591
449 592
449 593
449 594
449 595
449 596
449 597
449 598
449 599
449 600
449 601
449 602
449 603
449 604
449 605
449 606
449 607
449 608
449 609
449 610
449 611
449 612
449 613
449 614
449 615
449 616
449 617
449 618
449 619
449 620
449 621
449 622
449 623
449 624
449 625
449 626
449 627
449 628
449 629
449 630
449 631
449 632
449 633
449 634
449 635
449 636
449 637
449 638
449 639
449 640
450 531
450 532
450 533
450 534
450 535
450 536
450 537
450 538
450 539
450 540
450 541
450 542
450 543
450 544
450 545
450 546
450 547
450 548
450 549
450 550
450 551
450 552
450 553
450 554
450 555
450 556
450 557
450 558
450 559
450 560
450 561
450 562
450 563
450 564
450 565
450 566
450 567
450 568
450 569
450 570
450 571
450 572
450 573
450 574
450 575
450 576
450 577
450 578
450 579
450 580
450 581
450 582
450 583
450 584
450 585
450 586
450 587
450 588
450 589
450 590
450 591
450 592
450 593
450 594
450 595
450 596
450 597
450 598
450 599
450 600
450 601
450 602
450 603
450 604
450 605
450 606
450 607
450 608
450 609
450 610
450 611
450 612
450 613
450 614
450 615
450 616
450 617
450 618
450 619
450 620
450 621
450 622
450 623
450 624
450 625
450 626
450 627
450 628
450 629
450 630
450 631
450 632
450 633
450 634
450 635
450 636
450 637
450 638
450 639
450 640
451 531
451 532
451 533
451 534
451 535
451 536
451 537
451 538
451 539
451 540
451 541
451 542
451 543
451 544
451 545
451 546
451 547
451 548
451 549
451 550
451 551
451 552
451 553
451 554
451 555
451 556
451 557
451 558
451 559
451 560
451 561
451 562
451 563
451 564
451 565
451 566
451 567
451 568
451 569
451 570
451 571
451 572
451 573
451 574
451 575
451 576
451 577
451 578
451 579
451 580
451 581
451 582
451 583
451 584
451 585
451 586
451 587
451 588
451 589
451 590
451 591
451 592
451 593
451 594
451 595
451 596
451 597
451 598
451 599
451 600
451 601
451 602
451 603
451 604
451 605
451 606
451 607
451 608
451 609
451 610
451 611
451 612
451 613
451 614
451 615
451 616
451 617
451 618
451 619
451 620
451 621
451 622
451 623
451 624
451 625
451 626
451 627
451 628
451 629
451 630
451 631
451 632
451 633
451 634
451 635
451 636
451 637
451 638
451 639
452 532
452 533
452 534
452 535
452 536
452 537
452 538
452 539
452 540
452 541
452 542
452 543
452 544
452 545
452 546
452 547
452 548
452 549
452 550
452 551
452 552
452 553
452 554
452 555
452 556
452 557
452 558
452 559
452 560
452 561
452 562
452 563
452 564
452 565
452 566
452 567
452 568
452 569
452 570
452 571
452 572
452 573
452 574
452 575
452 576
452 577
452 578
452 579
452 580
452 581
452 582
452 583
452 584
452 585
452 586
452 587
452 588
452 589
452 590
452 591
452 592
452 593
452 594
452 595
452 596
452 597
452 598
452 599
452 600
452 601
452 602
452 603
452 604
452 605
452 606
452 607
452 608
452 609
452 610
452 611
452 612
452 613
452 614
452 615
452 616
452 617
452 618
452 619
452 620
452 621
452 622
452 623
452 624
452 625
452 626
452 627
452 628
452 629
452 630
452 631
452 632
452 633
452 634
452 635
452 636
452 637
452 638
452 639
453 532
453 533
453 534
453 535
453 536
453 537
453 538
453 539
453 540
453 541
453 542
453 543
453 544
453 545
453 546
453 547
453 548
453 549
453 550
453 551
453 552
453 553
453 554
453 555
453 556
453 557
453 558
453 559
453 560
453 561
453 562
453 563
453 564
453 565
453 566
453 567
453 568
453 569
453 570
453 571
453 572
453 573
453 574
453 575
453 576
453 577
453 578
453 579
453 580
453 581
453 582
453 583
453 584
453 585
453 586
453 587
453 588
453 589
453 590
453 591
453 592
453 593
453 594
453 595
453 596
453 597
453 598
453 599
453 600
453 601
453 602
453 603
453 604
453 605
453 606
453 607
453 608
453 609
453 610
453 611
453 612
453 613
453 614
453 615
453 616
453 617
453 618
453 619
453 620
453 621
453 622
453 623
453 624
453 625
453 626
453 627
453 628
453 629
453 630
453 631
453 632
453 633
453 634
453 635
453 636
453 637
453 638
454 533
454 534
454 535
454 536
454 537
454 538
454 539
454 540
454 541
454 542
454 543
454 544
454 545
454 546
454 547
454 548
454 549
454 550
454 551
454 552
454 553
454 554
454 555
454 556
454 557
454 558
454 559
454 560
454 561
454 562
454 563
454 564
454 565
454 566
454 567
454 568
454 569
454 570
454 571
454 572
454 573
454 574
454 575
454 576
454 577
454 578
454 579
454 580
454 581
454 582
454 583
454 584
454 585
454 586
454 587
454 588
454 589
454 590
454 591
454 592
454 593
454 594
454 595
454 596
454 597
454 598
454 599
454 600
454 601
454 602
454 603
454 604
454 605
454 606
454 607
454 608
454 609
454 610
454 611
454 612
454 613
454 614
454 615
454 616
454 617
454 618
454 619
454 620
454 621
454 622
454 623
454 624
454 625
454 626
454 627
454 628
454 629
454 630
454 631
454 632
454 633
454 634
454 635
454 636
454 637
454 638
455 533
455 534
455 535
455 536
455 537
455 538
455 539
455 540
455 541
455 542
455 543
455 544
455 545
455 546
455 547
455 548
455 549
455 550
455 551
455 552
455 553
455 554
455 555
455 556
455 557
455 558
455 559
455 560
455 561
455 562
455 563
455 564
455 565
455 566
455 567
455 568
455 569
455 570
455 571
455 572
455 573
455 574
455 575
455 576
455 577
455 578
455 579
455 580
455 581
455 582
455 583
455 584
455 585
455 586
455 587
455 588
455 589
455 590
455 591
455 592
455 593
455 594
455 595
455 596
455 597
455 598
455 599
455 600
455 601
455 602
455 603
455 604
455 605
455 606
455 607
455 608
455 609
455 610
455 611
455 612
455 613
455 614
455 615
455 616
455 617
455 618
455 619
455 620
455 621
455 622
455 623
455 624
455 625
455 626
455 627
455 628
455 629
455 630
455 631
455 632
455 633
455 634
455 635
455 636
455 637
456 534
456 535
456 536
456 537
456 538
456 539
456 540
456 541
456 542
456 543
456 544
456 545
456 546
456 547
456 548
456 549
456 550
456 551
456 552
456 553
456 554
456 555
456 556
456 557
456 558
456 559
456 560
456 561
456 562
456 563
456 564
456 565
456 566
456 567
456 568
456 569
456 570
456 571
456 572
456 573
456 574
456 575
456 576
456 577
456 578
456 579
456 580
456 581
456 582
456 583
456 584
456 585
456 586
456 587
456 588
456 589
456 590
456 591
456 592
456 593
456 594
456 595
456 596
456 597
456 598
456 599
456 600
456 601
456 602
456 603
456 604
456 605
456 606
456 607
456 608
456 609
456 610
456 611
456 612
456 613
456 614
456 615
456 616
456 617
456 618
456 619
456 620
456 621
456 622
456 623
456 624
456 625
456 626
456 627
456 628
456 629
456 630
456 631
456 632
456 633
456 634
456 635
456 636
457 535
457 536
457 537
457 538
457 539
457 540
457 541
457 542
457 543
457 544
457 545
457 546
457 547
457 548
457 549
457 550
457 551
457 552
457 553
457 554
457 555
457 556
457 557
457 558
457 559
457 560
457 561
457 562
457 563
457 564
457 565
457 566
457 567
457 568
457 569
457 570
457 571
457 572
457 573
457 574
457 575
457 576
457 577
457 578
457 579
457 580
457 581
457 582
457 583
457 584
457 585
457 586
457 587
457 588
457 589
457 590
457 591
457 592
457 593
457 594
457 595
457 596
457 597
457 598
457 599
457 600
457 601
457 602
457 603
457 604
457 605
457 606
457 607
457 608
457 609
457 610
457 611
457 612
457 613
457 614
457 615
457 616
457 617
457 618
457 619
457 620
457 621
457 622
457 623
457 624
457 625
457 626
457 627
457 628
457 629
457 630
457 631
457 632
457 633
457 634
457 635
457 636
458 535
458 536
458 537
458 538
458 539
458 540
458 541
458 542
458 543
458 544
458 545
458 546
458 547
458 548
458 549
458 550
458 551
458 552
458 553
458 554
458 555
458 556
458 557
458 558
458 559
458 560
458 561
458 562
458 563
458 564
458 565
458 566
458 567
458 568
458 569
458 570
458 571
458 572
458 573
458 574
458 575
458 576
458 577
458 578
458 579
458 580
458 581
458 582
458 583
458 584
458 585
458 586
458 587
458 588
458 589
458 590
458 591
458 592
458 593
458 594
458 595
458 596
458 597
458 598
458 599
458 600
458 601
458 602
458 603
458 604
458 605
458 606
458 607
458 608
458 609
458 610
458 611
458 612
458 613
458 614
458 615
458 616
458 617
458 618
458 619
458 620
458 621
458 622
458 623
458 624
458 625
458 626
458 627
458 628
458 629
458 630
458 631
458 632
458 633
458 634
458 635
459 536
459 537
459 538
459 539
459 540
459 541
459 542
459 543
459 544
459 545
459 546
459 547
459 548
459 549
459 550
459 551
459 552
459 553
459 554
459 555
459 556
459 557
459 558
459 559
459 560
459 561
459 562
459 563
459 564
459 565
459 566
459 567
459 568
459 569
459 570
459 571
459 572
459 573
459 574
459 575
459 576
459 577
459 578
459 579
459 580
459 581
459 582
459 583
459 584
459 585
459 586
459 587
459 588
459 589
459 590
459 591
459 592
459 593
459 594
459 595
459 596
459 597
459 598
459 599
459 600
459 601
459 602
459 603
459 604
459 605
459 606
459 607
459 608
459 609
459 610
459 611
459 612
459 613
459 614
459 615
459 616
459 617
459 618
459 619
459 620
459 621
459 622
459 623
459 624
459 625
459 626
459 627
459 628
459 629
459 630
459 631
459 632
459 633
459 634
459 635
460 536
460 537
460 538
460 539
460 540
460 541
460 542
460 543
460 544
460 545
460 546
460 547
460 548
460 549
460 550
460 551
460 552
460 553
460 554
460 555
460 556
460 557
460 558
460 559
460 560
460 561
460 562
460 563
460 564
460 565
460 566
460 567
460 568
460 569
460 570
460 571
460 572
460 573
460 574
460 575
460 576
460 577
460 578
460 579
460 580
460 581
460 582
460 583
460 584
460 585
460 586
460 587
460 588
460 589
460 590
460 591
460 592
460 593
460 594
460 595
460 596
460 597
460 598
460 599
460 600
460 601
460 602
460 603
460 604
460 605
460 606
460 607
460 608
460 609
460 610
460 611
460 612
460 613
460 614
460 615
460 616
460 617
460 618
460 619
460 620
460 621
460 622
460 623
460 624
460 625
460 626
460 627
460 628
460 629
460 630
460 631
460 632
460 633
460 634
461 537
461 538
461 539
461 540
461 541
461 542
461 543
461 544
461 545
461 546
461 547
461 548
461 549
461 550
461 551
461 552
461 553
461 554
461 555
461 556
461 557
461 558
461 559
461 560
461 561
461 562
461 563
461 564
461 565
461 566
461 567
461 568
461 569
461 570
461 571
461 572
461 573
461 574
461 575
461 576
461 577
461 578
461 579
461 580
461 581
461 582
461 583
461 584
461 585
461 586
461 587
461 588
461 589
461 590
461 591
461 592
461 593
461 594
461 595
461 596
461 597
461 598
461 599
461 600
461 601
461 602
461 603
461 604
461 605
461 606
461 607
461 608
461 609
461 610
461 611
461 612
461 613
461 614
461 615
461 616
461 617
461 618
461 619
461 620
461 621
461 622
461 623
461 624
461 625
461 626
461 627
461 628
461 629
461 630
461 631
461 632
461 633
462 538
462 539
462 540
462 541
462 542
462 543
462 544
462 545
462 546
462 547
462 548
462 549
462 550
462 551
462 552
462 553
462 554
462 555
462 556
462 557
462 558
462 559
462 560
462 561
462 562
462 563
462 564
462 565
462 566
462 567
462 568
462 569
462 570
462 571
462 572
462 573
462 574
462 575
462 576
462 577
462 578
462 579
462 580
462 581
462 582
462 583
462 584
462 585
462 586
462 587
462 588
462 589
462 590
462 591
462 592
462 593
462 594
462 595
462 596
462 597
462 598
462 599
462 600
462 601
462 602
462 603
462 604
462 605
462 606
462 607
462 608
462 609
462 610
462 611
462 612
462 613
462 614
462 615
462 616
462 617
462 618
462 619
462 620
462 621
462 622
462 623
462 624
462 625
462 626
462 627
462 628
462 629
462 630
462 631
462 632
462 633
463 539
463 540
463 541
463 542
463 543
463 544
463 545
463 546
463 547
463 548
463 549
463 550
463 551
463 552
463 553
463 554
463 555
463 556
463 557
463 558
463 559
463 560
463 561
463 562
463 563
463 564
463 565
463 566
463 567
463 568
463 569
463 570
463 571
463 572
463 573
463 574
463 575
463 576
463 577
463 578
463 579
463 580
463 581
463 582
463 583
463 584
463 585
463 586
463 587
463 588
463 589
463 590
463 591
463 592
463 593
463 594
463 595
463 596
463 597
463 598
463 599
463 600
463 601
463 602
463 603
463 604
463 605
463 606
463 607
463 608
463 609
463 610
463 611
463 612
463 613
463 614
463 615
463 616
463 617
463 618
463 619
463 620
463 621
463 622
463 623
463 624
463 625
463 626
463 627
463 628
463 629
463 630
463 631
463 632
464 540
464 541
464 542
464 543
464 544
464 545
464 546
464 547
464 548
464 549
464 550
464 551
464 552
464 553
464 554
464 555
464 556
464 557
464 558
464 559
464 560
464 561
464 562
464 563
464 564
464 565
464 566
464 567
464 568
464 569
464 570
464 571
464 572
464 573
464 574
464 575
464 576
464 577
464 578
464 579
464 580
464 581
464 582
464 583
464 584
464 585
464 586
464 587
464 588
464 589
464 590
464 591
464 592
464 593
464 594
464 595
464 596
464 597
464 598
464 599
464 600
464 601
464 602
464 603
464 604
464 605
464 606
464 607
464 608
464 609
464 610
464 611
464 612
464 613
464 614
464 615
464 616
464 617
464 618
464 619
464 620
464 621
464 622
464 623
464 624
464 625
464 626
464 627
464 628
464 629
464 630
464 631
465 541
465 542
465 543
465 544
465 545
465 546
465 547
465 548
465 549
465 550
465 551
465 552
465 553
465 554
465 555
465 556
465 557
465 558
465 559
465 560
465 561
465 562
465 563
465 564
465 565
465 566
465 567
465 568
465 569
465 570
465 571
465 572
465 573
465 574
465 575
465 576
465 577
465 578
465 579
465 580
465 581
465 582
465 583
465 584
465 585
465 586
465 587
465 588
465 589
465 590
465 591
465 592
465 593
465 594
465 595
465 596
465 597
465 598
465 599
465 600
465 601
465 602
465 603
465 604
465 605
465 606
465 607
465 608
465 609
465 610
465 611
465 612
465 613
465 614
465 615
465 616
465 617
465 618
465 619
465 620
465 621
465 622
465 623
465 624
465 625
465 626
465 627
465 628
465 629
465 630
466 542
466 543
466 544
466 545
466 546
466 547
466 548
466 549
466 550
466 551
466 552
466 553
466 554
466 555
466 556
466 557
466 558
466 559
466 560
466 561
466 562
466 563
466 564
466 565
466 566
466 567
466 568
466 569
466 570
466 571
466 572
466 573
466 574
466 575
466 576
466 577
466 578
466 579
466 580
466 581
466 582
466 583
466 584
466 585
466 586
466 587
466 588
466 589
466 590
466 591
466 592
466 593
466 594
466 595
466 596
466 597
466 598
466 599
466 600
466 601
466 602
466 603
466 604
466 605
466 606
466 607
466 608
466 609
466 610
466 611
466 612
466 613
466 614
466 615
466 616
466 617
466 618
466 619
466 620
466 621
466 622
466 623
466 624
466 625
466 626
466 627
466 628
466 629
466 630
467 543
467 544
467 545
467 546
467 547
467 548
467 549
467 550
467 551
467 552
467 553
467 554
467 555
467 556
467 557
467 558
467 559
467 560
467 561
467 562
467 563
467 564
467 565
467 566
467 567
467 568
467 569
467 570
467 571
467 572
467 573
467 574
467 575
467 576
467 577
467 578
467 579
467 580
467 581
467 582
467 583
467 584
467 585
467 586
467 587
467 588
467 589
467 590
467 591
467 592
467 593
467 594
467 595
467 596
467 597
467 598
467 599
467 600
467 601
467 602
467 603
467 604
467 605
467 606
467 607
467 608
467 609
467 610
467 611
467 612
467 613
467 614
467 615
467 616
467 617
467 618
467 619
467 620
467 621
467 622
467 623
467 624
467 625
467 626
467 627
467 628
467 629
468 543
468 544
468 545
468 546
468 547
468 548
468 549
468 550
468 551
468 552
468 553
468 554
468 555
468 556
468 557
468 558
468 559
468 560
468 561
468 562
468 563
468 564
468 565
468 566
468 567
468 568
468 569
468 570
468 571
468 572
468 573
468 574
468 575
468 576
468 577
468 578
468 579
468 580
468 581
468 582
468 583
468 584
468 585
468 586
468 587
468 588
468 589
468 590
468 591
468 592
468 593
468 594
468 595
468 596
468 597
468 598
468 599
468 600
468 601
468 602
468 603
468 604
468 605
468 606
468 607
468 608
468 609
468 610
468 611
468 612
468 613
468 614
468 615
468 616
468 617
468 618
468 619
468 620
468 621
468 622
468 623
468 624
468 625
468 626
468 627
468 628
469 544
469 545
469 546
469 547
469 548
469 549
469 550
469 551
469 552
469 553
469 554
469 555
469 556
469 557
469 558
469 559
469 560
469 561
469 562
469 563
469 564
469 565
469 566
469 567
469 568
469 569
469 570
469 571
469 572
469 573
469 574
469 575
469 576
469 577
469 578
469 579
469 580
469 581
469 582
469 583
469 584
469 585
469 586
469 587
469 588
469 589
469 590
469 591
469 592
469 593
469 594
469 595
469 596
469 597
469 598
469 599
469 600
469 601
469 602
469 603
469 604
469 605
469 606
469 607
469 608
469 609
469 610
469 611
469 612
469 613
469 614
469 615
469 616
469 617
469 618
469 619
469 620
469 621
469 622
469 623
469 624
469 625
469 626
469 627
470 545
470 546
470 547
470 548
470 549
470 550
470 551
470 552
470 553
470 554
470 555
470 556
470 557
470 558
470 559
470 560
470 561
470 562
470 563
470 564
470 565
470 566
470 567
470 568
470 569
470 570
470 571
470 572
470 573
470 574
470 575
470 576
470 577
470 578
470 579
470 580
470 581
470 582
470 583
470 584
470 585
470 586
470 587
470 588
470 589
470 590
470 591
470 592
470 593
470 594
470 595
470 596
470 597
470 598
470 599
470 600
470 601
470 602
470 603
470 604
470 605
470 606
470 607
470 608
470 609
470 610
470 611
470 612
470 613
470 614
470 615
470 616
470 617
470 618
470 619
470 620
470 621
470 622
470 623
470 624
470 625
471 547
471 548
471 549
471 550
471 551
471 552
471 553
471 554
471 555
471 556
471 557
471 558
471 559
471 560
471 561
471 562
471 563
471 564
471 565
471 566
471 567
471 568
471 569
471 570
471 571
471 572
471 573
471 574
471 575
471 576
471 577
471 578
471 579
471 580
471 581
471 582
471 583
471 584
471 585
471 586
471 587
471 588
471 589
471 590
471 591
471 592
471 593
471 594
471 595
471 596
471 597
471 598
471 599
471 600
471 601
471 602
471 603
471 604
471 605
471 606
471 607
471 608
471 609
471 610
471 611
471 612
471 613
471 614
471 615
471 616
471 617
471 618
471 619
471 620
471 621
471 622
471 623
471 624
472 548
472 549
472 550
472 551
472 552
472 553
472 554
472 555
472 556
472 557
472 558
472 559
472 560
472 561
472 562
472 563
472 564
472 565
472 566
472 567
472 568
472 569
472 570
472 571
472 572
472 573
472 574
472 575
472 576
472 577
472 578
472 579
472 580
472 581
472 582
472 583
472 584
472 585
472 586
472 587
472 588
472 589
472 590
472 591
472 592
472 593
472 594
472 595
472 596
472 597
472 598
472 599
472 600
472 601
472 602
472 603
472 604
472 605
472 606
472 607
472 608
472 609
472 610
472 611
472 612
472 613
472 614
472 615
472 616
472 617
472 618
472 619
472 620
472 621
472 622
472 623
473 549
473 550
473 551
473 552
473 553
473 554
473 555
473 556
473 557
473 558
473 559
473 560
473 561
473 562
473 563
473 564
473 565
473 566
473 567
473 568
473 569
473 570
473 571
473 572
473 573
473 574
473 575
473 576
473 577
473 578
473 579
473 580
473 581
473 582
473 583
473 584
473 585
473 586
473 587
473 588
473 589
473 590
473 591
473 592
473 593
473 594
473 595
473 596
473 597
473 598
473 599
473 600
473 601
473 602
473 603
473 604
473 605
473 606
473 607
473 608
473 609
473 610
473 611
473 612
473 613
473 614
473 615
473 616
473 617
473 618
473 619
473 620
473 621
473 622
474 550
474 551
474 552
474 553
474 554
474 555
474 556
474 557
474 558
474 559
474 560
474 561
474 562
474 563
474 564
474 565
474 566
474 567
474 568
474 569
474 570
474 571
474 572
474 573
474 574
474 575
474 576
474 577
474 578
474 579
474 580
474 581
474 582
474 583
474 584
474 585
474 586
474 587
474 588
474 589
474 590
474 591
474 592
474 593
474 594
474 595
474 596
474 597
474 598
474 599
474 600
474 601
474 602
474 603
474 604
474 605
474 606
474 607
474 608
474 609
474 610
474 611
474 612
474 613
474 614
474 615
474 616
474 617
474 618
474 619
474 620
474 621
475 552
475 553
475 554
475 555
475 556
475 557
475 558
475 559
475 560
475 561
475 562
475 563
475 564
475 565
475 566
475 567
475 568
475 569
475 570
475 571
475 572
475 573
475 574
475 575
475 576
475 577
475 578
475 579
475 580
475 581
475 582
475 583
475 584
475 585
475 586
475 587
475 588
475 589
475 590
475 591
475 592
475 593
475 594
475 595
475 596
475 597
475 598
475 599
475 600
475 601
475 602
475 603
475 604
475 605
475 606
475 607
475 608
475 609
475 610
475 611
475 612
475 613
475 614
475 615
475 616
475 617
475 618
475 619
476 553
476 554
476 555
476 556
476 557
476 558
476 559
476 560
476 561
476 562
476 563
476 564
476 565
476 566
476 567
476 568
476 569
476 570
476 571
476 572
476 573
476 574
476 575
476 576
476 577
476 578
476 579
476 580
476 581
476 582
476 583
476 584
476 585
476 586
476 587
476 588
476 589
476 590
476 591
476 592
476 593
476 594
476 595
476 596
476 597
476 598
476 599
476 600
476 601
476 602
476 603
476 604
476 605
476 606
476 607
476 608
476 609
476 610
476 611
476 612
476 613
476 614
476 615
476 616
476 617
476 618
477 555
477 556
477 557
477 558
477 559
477 560
477 561
477 562
477 563
477 564
477 565
477 566
477 567
477 568
477 569
477 570
477 571
477 572
477 573
477 574
477 575
477 576
477 577
477 578
477 579
477 580
477 581
477 582
477 583
477 584
477 585
477 586
477 587
477 588
477 589
477 590
477 591
477 592
477 593
477 594
477 595
477 596
477 597
477 598
477 599
477 600
477 601
477 602
477 603
477 604
477 605
477 606
477 607
477 608
477 609
477 610
477 611
477 612
477 613
477 614
477 615
477 616
478 557
478 558
478 559
478 560
478 561
478 562
478 563
478 564
478 565
478 566
478 567
478 568
478 569
478 570
478 571
478 572
478 573
478 574
478 575
478 576
478 577
478 578
478 579
478 580
478 581
478 582
478 583
478 584
478 585
478 586
478 587
478 588
478 589
478 590
478 591
478 592
478 593
478 594
478 595
478 596
478 597
478 598
478 599
478 600
478 601
478 602
478 603
478 604
478 605
478 606
478 607
478 608
478 609
478 610
478 611
478 612
478 613
478 614
479 559
479 560
479 561
479 562
479 563
479 564
479 565
479 566
479 567
479 568
479 569
479 570
479 571
479 572
479 573
479 574
479 575
479 576
479 577
479 578
479 579
479 580
479 581
479 582
479 583
479 584
479 585
479 586
479 587
479 588
479 589
479 590
479 591
479 592
479 593
479 594
479 595
479 596
479 597
479 598
479 599
479 600
479 601
479 602
479 603
479 604
479 605
479 606
479 607
479 608
479 609
479 610
479 611
479 612
480 561
480 562
480 563
480 564
480 565
480 566
480 567
480 568
480 569
480 570
480 571
480 572
480 573
480 574
480 575
480 576
480 577
480 578
480 579
480 580
480 581
480 582
480 583
480 584
480 585
480 586
480 587
480 588
480 589
480 590
480 591
480 592
480 593
480 594
480 595
480 596
480 597
480 598
480 599
480 600
480 601
480 602
480 603
480 604
480 605
480 606
480 607
480 608
480 609
480 610
481 563
481 564
481 565
481 566
481 567
481 568
481 569
481 570
481 571
481 572
481 573
481 574
481 575
481 576
481 577
481 578
481 579
481 580
481 581
481 582
481 583
481 584
481 585
481 586
481 587
481 588
481 589
481 590
481 591
481 592
481 593
481 594
481 595
481 596
481 597
481 598
481 599
481 600
481 601
481 602
481 603
481 604
481 605
481 606
481 607
481 608
482 565
482 566
482 567
482 568
482 569
482 570
482 571
482 572
482 573
482 574
482 575
482 576
482 577
482 578
482 579
482 580
482 581
482 582
482 583
482 584
482 585
482 586
482 587
482 588
482 589
482 590
482 591
482 592
482 593
482 594
482 595
482 596
482 597
482 598
482 599
482 600
482 601
482 602
482 603
482 604
482 605
483 568
483 569
483 570
483 571
483 572
483 573
483 574
483 575
483 576
483 577
483 578
483 579
483 580
483 581
483 582
483 583
483 584
483 585
483 586
483 587
483 588
483 589
483 590
483 591
483 592
483 593
483 594
483 595
483 596
483 597
483 598
483 599
483 600
483 601
483 602
484 571
484 572
484 573
484 574
484 575
484 576
484 577
484 578
484 579
484 580
484 581
484 582
484 583
484 584
484 585
484 586
484 587
484 588
484 589
484 590
484 591
484 592
484 593
484 594
484 595
484 596
484 597
484 598
484 599
485 579
485 580
485 581
485 582
485 583
485 584
485 585
485 586
485 587
485 588
485 589
485 590
485 591
485 593
